     -790.189
     -172.051
     -472.196
     -711.767
     -224.472
     -261.267
     -708.198
     -231.546
     -312.682
     -578.904
     -138.385
     -158.474
     -452.756
     -138.543
     -107.758
     -303.277
     -105.087
     -6.81875
     -236.400
      4.08750
     -153.264
     -229.986
     -37.0662
     -89.9912
     -197.409
     -96.9469
     -65.0131
     -191.698
     -219.868
     -101.256
     -278.285
     -280.338
     -35.8287
     -333.188
     -206.879
     -14.5750
     -379.591
     -395.522
      63.1269
     -144.524
     -186.789
      45.4825
     -178.410
     -113.938
      63.0437
     -206.052
     -145.934
      68.1681
     -187.089
     -166.129
      91.9587
     -93.1106
     -108.522
      6.71688
     -136.753
     -150.996
      17.1862
     -152.831
     -204.173
      40.0875
     -174.671
     -278.402
      75.4450
     -169.541
     -343.960
      126.757
     -78.8469
     -342.382
      138.462
     -37.7512
     -380.253
      168.441
      27.1419
     -312.432
      211.144
     -13.1562
     -215.051
      146.881
     -42.0631
     -241.192
      287.952
      68.2219
     -264.469
      493.906
      137.048
     -141.113
      237.753
      75.0781
     -108.827
      102.274
      49.3875
     -128.566
      77.3913
      32.2944
     -123.868
      36.5500
      10.3888
     -120.802
      24.5531
     -40.6569
     -74.7475
      8.36750
    -0.303749
      29.6519
     -14.3888
     -13.2850
      37.9269
     -21.4569
     -2.36250
      27.1800
     -13.7194
     -25.0631
      64.5225
     -25.5944
      19.3138
     -37.6456
      18.9750
      32.8156
     -48.1275
      27.4031
      29.0500
     -65.2594
      31.1100
      39.0612
     -64.1119
      33.5487
     -767.590
     -112.051
     -396.026
     -785.016
     -123.979
     -243.959
     -689.975
     -129.135
     -248.685
     -571.774
     -112.190
     -301.199
     -494.710
     -198.515
     -86.3312
     -311.866
     -119.122
     -31.5513
     -334.301
     -94.4869
     -249.221
     -264.419
     -125.408
     -73.9169
     -199.638
     -88.6912
     -36.2663
     -228.116
     -173.647
     -57.7675
     -272.986
     -311.723
     -37.2656
     -417.176
     -331.570
     -7.77625
     -505.476
     -263.336
      60.1444
     -191.881
     -227.279
      147.195
     -101.261
     -235.805
      176.302
     -107.297
     -148.363
      62.0619
     -144.883
     -150.356
      81.5469
     -304.174
     -156.066
     -142.564
     -383.137
     -144.898
     -76.6219
     -441.872
     -330.737
      113.263
     -314.599
     -439.220
      294.558
     -281.603
     -471.855
      233.204
     -194.946
     -623.337
      482.357
     -15.1700
     -528.157
      291.224
      38.6687
     -475.834
      350.214
      46.6825
     -313.666
      191.056
      70.2438
     -204.151
      174.649
      57.9194
     -132.186
      201.729
      103.121
     -163.395
      204.529
      62.2625
     -149.376
      86.9825
      40.9369
     -116.682
      43.5644
      13.8538
     -118.107
      23.4169
    -0.680625
     -171.739
      34.4806
     -11.2575
     -108.784
      31.9569
     -13.6350
     -111.062
      24.9681
      8.13750
     -136.447
      27.1381
      52.5094
     -114.956
      32.6162
      19.4144
     -60.3100
      13.7044
      24.2850
     -90.4637
      18.6319
      60.9031
     -77.9781
      24.1600
      23.4256
     -17.3819
      5.20875
      1.19125
      16.0231
     -4.98813
     -722.344
     -246.631
     -654.716
     -653.405
     -268.582
     -428.607
     -607.199
     -352.126
     -399.197
     -596.051
     -276.299
     -329.081
     -401.837
     -215.293
     -90.2331
     -316.881
     -197.783
     -98.5025
     -305.252
     -191.848
     -73.2031
     -261.311
     -169.419
     -14.4463
     -242.266
     -155.092
     -47.3812
     -225.469
     -142.734
     -16.3256
     -299.369
     -208.252
      9.78938
     -335.969
     -316.601
      113.323
     -388.765
     -281.012
      105.688
     -246.036
     -457.053
      266.333
     -88.4044
     -441.342
      314.562
     -81.0038
     -268.005
      75.7606
     -102.201
     -201.871
      59.3088
     -221.145
     -246.396
      73.1694
     -410.296
     -298.921
      78.4406
     -470.669
     -326.136
      222.772
     -464.554
     -562.546
      588.527
     -367.711
     -558.957
      392.630
     -359.596
     -665.374
      769.425
     -36.3844
     -731.671
      793.541
      136.639
     -567.239
      586.547
      150.307
     -451.573
      489.718
      200.647
     -298.581
      275.040
      85.2481
     -193.436
      130.464
      45.1575
     -168.678
      152.578
      98.9031
     -201.882
      176.897
      38.5056
     -168.811
      53.9219
      9.12500
     -172.448
      30.5694
    -0.473749
     -154.692
      1.07062
     -17.5675
     -121.582
      19.2694
      5.75250
     -150.310
      25.1594
      17.5331
     -174.199
      22.1275
      62.6456
     -113.530
      37.4506
      51.1031
     -138.178
      33.2806
      56.6369
     -117.136
      24.9275
      83.7312
     -108.581
      40.3331
      62.7412
     -45.4919
      15.5875
     -37.0112
      80.6738
     -46.3181
     -714.778
     -427.352
     -425.219
     -644.182
     -529.421
     -222.342
     -576.606
     -554.392
     -193.933
     -492.626
     -536.479
     -133.629
     -404.590
     -310.258
      29.9506
     -317.827
     -201.651
      103.296
     -342.931
     -155.287
      11.3850
     -224.879
     -264.324
      214.406
     -265.467
     -190.636
     -34.9719
     -260.166
     -208.705
     -5.29250
     -278.023
     -171.682
      14.3287
     -399.253
     -277.526
      167.516
     -536.280
     -472.222
      397.246
     -426.852
     -661.375
      943.678
     -49.9644
     -465.799
      610.326
     -163.877
     -554.846
      486.973
     -62.6619
     -533.182
      379.507
     -169.250
     -538.365
      410.507
     -215.656
     -403.554
      325.702
     -389.829
     -472.628
      625.717
     -292.486
     -391.686
      721.721
     -275.895
     -448.484
      801.812
     -244.329
     -515.243
      931.291
      4.76313
     -471.537
      889.948
      225.678
     -470.323
      746.193
      163.458
     -379.409
      441.057
      234.417
     -315.817
      411.448
      108.632
     -221.981
      228.495
      75.3519
     -225.951
      249.503
      90.1744
     -273.983
      244.492
      42.9444
     -246.018
      89.6631
     -68.6806
     -198.377
      11.3063
     -121.579
     -202.908
     -12.6987
     -60.4350
     -204.648
      26.1181
      9.68062
     -216.545
      32.0069
      36.0919
     -194.120
      39.3356
      97.0600
     -164.218
      56.3175
      60.9337
     -152.072
      32.8100
      63.0169
     -144.941
      32.1800
      101.548
     -124.259
      42.4525
      96.9025
     -103.739
     -55.4375
      23.0219
      17.3225
     -76.9656
     -789.438
     -446.969
     -269.959
     -727.008
     -435.290
     -184.987
     -617.197
     -452.379
     -114.114
     -483.164
     -372.257
     -56.9462
     -335.712
     -232.801
     -7.55188
     -274.529
     -151.867
      6.62875
     -295.992
     -124.866
      31.6519
     -300.155
     -151.882
      117.068
     -286.862
     -244.070
      120.796
     -240.141
     -188.861
     -10.4625
     -361.515
     -124.623
     -46.6825
     -519.434
     -157.204
      138.029
     -707.373
     -333.264
      622.441
     -458.346
     -362.010
      1028.66
     -88.6794
     -346.121
      695.016
     -225.766
     -363.879
      757.322
     -64.1838
     -356.988
      782.034
     -74.9100
     -313.928
      633.121
     -194.974
     -208.910
      376.031
     -237.521
     -258.108
      698.377
     -155.025
     -257.689
      523.106
     -191.899
     -270.109
      454.980
     -215.272
     -366.796
      721.608
      82.2325
     -386.435
      696.463
      83.2350
     -397.351
      591.614
      143.100
     -496.682
      711.554
      310.622
     -378.882
      654.196
      169.007
     -155.457
      218.788
      51.7962
     -224.911
      260.837
      104.614
     -307.602
      369.052
     -10.1269
     -284.499
      116.768
     -76.0375
     -328.082
      83.8431
     -193.068
     -341.904
      65.8044
     -96.9831
     -312.243
      39.3887
     -7.77375
     -331.317
      62.7369
      67.2306
     -312.981
      73.0281
      118.266
     -244.099
      51.3356
      74.4150
     -221.662
      48.1462
      106.422
     -227.372
      43.5250
      127.339
     -190.809
      3.93688
      92.8406
     -135.112
     -85.9400
      9.34000
     -3.74625
     -56.1625
     -766.536
     -458.646
     -124.883
     -667.491
     -348.769
     -102.756
     -566.724
     -266.768
     -1.49563
     -422.559
     -164.889
      36.2562
     -325.191
     -152.297
      13.8300
     -339.324
     -96.1913
     -19.7681
     -393.417
     -52.3794
      59.6781
     -385.466
     -135.997
      221.889
     -322.374
     -318.753
      534.622
     -106.827
     -183.172
      159.684
     -287.874
     -109.864
     -59.5869
     -470.927
     -32.0281
     -35.2581
     -652.399
      87.3212
      135.671
     -534.122
      128.681
      277.455
     -403.707
     -99.3356
      758.010
      39.8750
     -23.6081
      438.911
     -22.0706
     -72.9337
      66.2250
     -118.869
     -61.7494
      32.9337
     -197.733
     -89.8906
      72.8650
     -200.779
     -61.5462
      127.328
     -322.722
     -201.316
      292.951
     -283.647
     -363.468
      631.437
     -294.994
     -409.027
      650.836
     -78.1406
     -583.379
      799.298
      14.3112
     -573.972
      755.330
      261.173
     -447.419
      996.374
      294.268
     -290.784
      577.050
      165.846
     -186.229
      169.158
      42.9250
     -200.074
      132.682
      37.2044
     -261.649
      185.174
      6.53312
     -421.819
      365.590
      10.6163
     -416.072
      257.085
     -117.398
     -511.805
      161.019
     -157.309
     -460.673
      54.6631
     -14.7156
     -538.068
      120.127
      75.8075
     -545.139
      101.281
      111.649
     -340.591
      84.8031
      146.346
     -342.376
      88.4006
      133.941
     -278.391
      55.8550
      132.904
     -220.269
      23.4506
      102.994
     -126.785
     -51.6500
      115.846
     -83.0925
      22.2825
     -546.196
     -283.278
     -57.5450
     -526.727
     -235.358
     -104.437
     -482.092
     -215.894
     -5.71375
     -307.603
     -213.681
      97.9469
     -244.961
     -115.455
      41.0719
     -288.453
     -119.324
     -10.6163
     -357.987
     -119.340
      26.2644
     -380.253
     -164.237
      116.521
     -343.671
     -202.407
      278.104
     -158.723
     -213.425
      397.692
     -296.254
     -132.005
     -40.9069
     -524.869
     -187.377
     -5.85812
     -488.134
     -80.1919
      46.3263
     -352.104
      20.0806
      57.1856
     -222.025
      1.36125
      209.081
     -114.738
     -100.102
      43.8775
     -85.7712
     -95.7219
     -19.3519
     -170.544
     -139.699
     -25.0863
     -201.581
     -174.973
      50.3600
     -181.739
     -166.682
      71.8375
     -376.099
     -196.299
      264.897
     -300.922
     -316.472
      584.981
     -343.045
     -206.711
      553.715
     -257.925
     -367.516
      1415.75
      215.470
     -414.789
      1416.31
      324.433
     -117.371
      666.836
      142.747
     -303.996
      682.498
      159.689
     -413.746
      458.059
      111.631
     -390.371
      324.442
      86.4887
     -299.400
      234.326
     -15.6094
     -274.879
      220.522
     -64.7125
     -557.362
      478.269
      19.7944
     -728.099
      405.614
     -74.3525
     -715.022
      198.732
      25.0187
     -771.014
      239.819
      125.635
     -759.897
      232.999
      246.471
     -615.845
      176.018
      263.761
     -559.203
      144.401
      189.856
     -350.110
      73.9256
      155.551
     -236.407
      33.3394
      152.472
     -183.148
     -7.83500
      110.387
     -122.541
      38.9806
     -344.969
     -225.169
     -7.51688
     -338.525
     -157.893
     -3.18500
     -303.905
     -142.151
      63.8063
     -256.052
     -156.897
      158.636
     -233.136
     -133.300
      66.6512
     -248.856
     -121.697
      58.0156
     -260.749
     -90.3569
      61.8312
     -372.012
     -129.622
      153.458
     -354.991
     -96.6612
      315.967
     -219.085
     -69.9013
      119.831
     -402.654
     -216.986
      66.5444
     -495.940
     -287.185
      187.215
     -443.456
     -243.633
      251.566
     -214.535
     -169.457
      132.296
     -197.556
     -58.6669
      25.8250
     -170.932
     -154.478
      59.1213
     -196.232
     -176.782
     -69.9937
     -333.878
     -262.599
     -90.0844
     -358.681
     -375.268
      123.391
     -190.159
     -545.148
      433.506
     -293.806
     -361.691
      321.559
     -472.747
     -393.265
      757.459
     -25.8019
     -332.801
      983.421
     -140.619
      242.976
      526.421
     -178.891
      245.524
      730.147
      160.391
      50.5287
      589.862
     -101.386
     -205.187
      558.066
      96.4912
     -357.409
      956.994
      213.804
     -371.393
      649.731
      81.9700
     -361.144
      333.656
     -2.13250
     -324.639
      213.116
     -161.636
     -517.705
      616.008
      127.047
     -772.253
      835.150
      61.2200
     -788.841
      379.371
      71.3487
     -858.557
      547.787
      305.554
     -798.186
      559.878
      433.756
     -711.119
      302.700
      399.606
     -662.540
      207.917
      287.364
     -359.819
      82.9544
      210.713
     -238.941
      40.3719
      201.079
     -219.870
      36.1869
      164.606
     -162.081
      78.2612
     -318.337
     -200.206
      68.2706
     -238.848
     -177.569
      4.45188
     -217.625
     -130.372
      19.4706
     -248.432
     -160.127
      54.6594
     -224.761
     -154.015
      74.1750
     -206.840
     -123.212
      53.1019
     -220.095
     -125.303
      36.7900
     -260.203
     -150.383
      104.357
     -199.637
     -115.224
      101.678
     -209.056
     -154.649
      48.0737
     -451.381
     -307.719
      111.779
     -666.656
     -367.992
      300.412
     -604.633
     -321.924
      574.422
     -288.769
     -451.141
      639.580
     -204.511
     -390.193
      273.858
     -222.001
     -271.047
      47.5456
     -343.557
     -269.980
     -64.5725
     -481.425
     -300.262
     -26.1406
     -665.949
     -423.864
      156.105
     -596.712
     -501.253
      815.566
     -244.357
     -316.767
      940.202
     -237.199
      137.952
      743.776
      63.7431
      261.919
      553.102
     -145.286
     -78.7075
      20.7262
     -319.600
     -71.8694
      87.3344
     -276.939
     -128.294
      80.0737
     -174.021
     -33.6375
      133.979
     -66.3694
     -84.6012
      501.096
      82.4762
     -298.178
      499.348
      125.862
     -383.830
      461.518
      2.40562
     -318.506
      261.781
     -225.369
     -450.698
      541.704
      109.862
     -642.119
      949.075
      149.696
     -724.896
      609.626
      184.116
     -717.108
      963.109
      509.666
     -598.793
      762.050
      490.584
     -617.851
      435.619
      501.993
     -563.146
      432.419
      322.558
     -299.857
      164.843
      311.542
     -405.104
      151.783
      286.336
     -333.478
      92.2200
      197.016
     -243.499
      101.206
     -342.099
     -213.020
      177.790
     -221.599
     -186.601
     -24.3819
     -197.101
     -181.938
    -0.311875
     -215.256
     -182.797
     -8.57437
     -305.950
     -187.807
      42.2038
     -219.885
     -187.288
      155.131
     -282.678
     -153.598
      80.2206
     -322.273
     -258.878
      271.114
     -188.888
     -168.048
      126.233
     -289.727
     -201.513
      141.031
     -553.141
     -405.016
      200.996
     -684.257
     -370.901
      312.314
     -687.080
     -141.689
      456.334
     -606.811
     -127.418
      717.316
     -460.367
     -377.781
      798.341
     -125.149
     -491.055
      435.643
     -327.977
     -394.597
      79.4300
     -355.407
     -334.283
      129.673
     -374.151
     -129.492
      86.1756
     -541.141
      45.0794
      128.471
     -661.048
      390.569
      49.5100
     -212.620
      250.761
      24.8906
     -123.622
     -67.8844
      30.0906
     -240.616
     -151.219
      15.0731
     -249.870
     -122.389
      33.7169
     -230.409
     -169.837
      82.7031
     -178.181
     -175.128
      126.904
     -222.247
     -167.403
      194.397
     -123.982
     -474.391
      776.692
      175.329
     -421.302
      596.648
     -57.0837
     -424.029
      316.734
     -254.327
     -572.414
      685.286
      82.9581
     -546.165
      1131.44
      300.044
     -488.964
      816.134
      343.881
     -402.637
      708.018
      550.382
     -360.519
      553.371
      507.177
     -420.785
      356.982
      442.874
     -398.555
      391.291
      356.170
     -513.495
      242.501
      401.404
     -567.231
      257.254
      374.149
     -449.767
      214.702
      270.370
     -264.886
      134.467
     -314.586
     -252.379
      17.6675
     -312.909
     -363.161
      148.465
     -159.362
     -253.027
      108.819
     -191.052
     -154.276
      34.8794
     -241.019
     -164.488
      150.308
     -403.299
     -143.363
      399.610
     -421.003
     -128.670
      454.328
     -419.739
     -280.091
      609.828
     -269.701
     -384.723
      380.028
     -251.601
     -395.079
      278.439
     -353.362
     -253.474
      188.284
     -495.679
     -307.564
      481.757
     -556.187
     -124.427
      337.021
     -664.705
      38.5512
      439.476
     -681.173
     -340.072
      864.294
     -254.840
     -700.858
      1033.71
     -132.275
     -817.992
      633.747
     -98.4256
     -623.168
      520.142
     -123.869
     -92.4325
      110.981
     -500.532
      226.141
     -116.184
     -397.047
      249.719
     -99.8356
     -200.419
      110.231
     -15.1644
     -152.011
     -90.2625
      56.8994
     -236.692
     -133.074
      12.9756
     -422.355
     -155.787
      81.5825
     -277.126
     -218.454
      310.677
     -159.164
     -285.006
      340.405
     -294.093
     -308.157
      332.578
     -177.274
     -449.854
      867.547
      16.5556
     -340.120
      398.031
     -53.1194
     -468.912
      572.392
     -149.856
     -458.817
      825.474
      151.943
     -354.066
      789.964
      219.102
     -467.514
      550.700
      348.791
     -499.191
      702.617
      356.637
     -523.872
      565.115
      390.813
     -619.459
      535.728
      330.313
     -631.316
      505.424
      333.236
     -719.389
      570.991
      425.828
     -703.967
      617.903
      523.696
     -513.637
      464.809
      444.161
     -368.600
      242.757
     -371.487
     -191.694
      41.5919
     -466.112
     -431.716
      460.866
     -73.7044
     -323.714
      479.904
     -60.7937
     -84.6413
      69.7175
     -273.263
      28.5688
      63.6250
     -376.497
      76.4606
      57.5756
     -454.596
      34.4994
      57.7000
     -588.077
     -68.4500
      149.029
     -722.745
     -343.448
      774.652
     -368.264
     -527.679
      1115.44
     -97.6169
     -540.323
      932.759
     -125.208
     -232.687
      376.268
     -359.132
     -183.525
      560.022
     -414.209
     -67.1131
      645.245
     -511.926
     -15.4387
      866.796
     -236.344
     -219.519
      1514.76
      43.6050
     -536.634
      1411.01
      99.2056
     -473.031
      696.784
     -32.0050
     -453.177
      555.192
     -362.354
      78.5594
      266.539
     -276.419
      140.720
      63.3156
     -168.513
      97.8163
      10.5913
     -197.408
     -22.1669
      3.65000
     -221.367
     -143.823
      41.8319
     -270.424
     -266.613
      209.786
     -140.804
     -234.051
      301.164
     -174.183
     -199.059
      140.924
     -449.790
     -339.998
      417.888
     -340.704
     -419.575
      923.412
     -128.769
     -513.571
      546.254
     -190.434
     -476.532
      599.931
     -31.9344
     -484.814
      747.333
     -10.6369
     -561.164
      765.050
      299.983
     -643.011
      885.354
      301.503
     -564.003
      566.159
      151.337
     -577.948
      562.535
      298.004
     -703.802
      1015.05
      384.941
     -679.231
      840.561
      382.592
     -677.104
      1039.71
      524.986
     -539.998
      1195.29
      683.978
     -416.191
      877.386
      597.202
     -258.379
      595.931
     -402.576
     -261.000
      102.479
     -347.566
     -243.751
      331.644
      7.64625
     -155.536
      475.711
     -119.459
      21.1287
      41.7706
     -290.514
      70.4187
     -67.0594
     -335.879
      39.9688
      22.0569
     -492.070
     -46.6244
      142.561
     -763.069
     -156.956
      274.371
     -1084.95
     -235.161
      509.824
     -992.927
      12.1463
      1003.86
     -415.124
      17.2175
      1218.82
     -90.4562
     -385.388
      1048.76
     -65.7919
     -221.567
      721.205
     -322.573
     -19.4894
      597.694
     -357.747
      71.1787
      410.558
     -505.164
      128.792
      597.697
     -314.846
     -169.738
      772.685
     -161.263
     -569.059
      841.705
      23.4756
     -655.582
      691.805
      124.865
     -575.186
      510.890
      25.3156
     -73.0556
      107.864
     -236.796
      250.963
     -53.3625
     -431.598
      155.134
     -20.8763
     -410.524
     -127.179
      9.44813
     -271.788
     -276.788
      161.308
     -213.112
     -377.926
      155.688
     -214.893
     -445.554
      99.6113
     -255.857
     -383.740
      195.219
     -388.960
     -276.301
      830.626
     -140.107
     -319.931
      607.683
     -260.011
     -446.336
      674.274
     -266.525
     -537.109
      858.867
     -115.235
     -657.292
      1096.58
      275.917
     -665.529
      1195.59
      313.023
     -738.117
      855.254
      199.193
     -681.997
      926.478
      272.123
     -493.950
      1217.43
      505.867
     -371.191
      1287.15
      631.191
     0.942505
      1141.23
      674.916
      224.541
      1028.68
      749.388
      161.587
      753.581
      547.698
      61.0638
      316.755
     -428.271
     -312.425
      167.197
     -189.055
     -252.932
      406.093
     -212.464
      81.8725
      80.3025
     -233.494
      85.0725
     -13.1912
     -337.628
      65.3706
     -17.7225
     -315.987
      71.0450
      17.3469
     -434.394
      112.391
      15.4400
     -591.574
      91.6856
      53.8425
     -1046.34
     -110.918
      114.132
     -1270.72
     -22.4150
      310.453
     -1058.11
      94.1669
      871.841
     -423.607
      55.2031
      1164.30
     -290.098
      180.206
      417.337
     -562.759
      105.580
      311.397
     -635.642
     -42.3906
      283.704
     -828.990
     -209.502
      403.547
     -855.962
     -405.186
      852.953
     -384.268
     -497.217
      1441.95
      8.01687
     -605.318
      1361.79
      167.156
     -657.199
      1172.79
      134.186
     -336.586
      470.018
     -422.701
     -330.994
      207.389
     -366.966
     -356.413
      317.021
     -227.933
     -489.403
      288.750
     -215.368
     -614.698
      172.665
     -231.032
     -639.570
      206.976
     -162.308
     -706.369
      188.574
     -89.8231
     -550.509
      211.484
     -240.869
     -311.835
      177.517
     -389.114
     -364.131
      270.501
     -393.174
     -456.121
      508.566
     -505.609
     -462.937
      859.769
     -250.281
     -479.237
      1245.56
      151.819
     -564.260
      1221.89
      212.132
     -748.517
      1300.56
      456.721
     -511.692
      1344.77
      501.482
     -156.742
      1193.95
      678.096
      66.9962
      1222.61
      829.127
      133.318
      805.041
      775.717
      168.913
      440.404
      655.227
      149.488
      264.001
      494.811
      155.487
      145.584
     -262.016
     -224.899
      172.167
     -147.294
      2.35625
      40.3825
     -267.186
      87.0231
     -120.449
     -298.782
      85.2637
     -47.6156
     -331.084
      31.3787
      32.0481
     -268.306
      77.2275
      2.68937
     -401.704
      201.673
     -10.8669
     -654.856
      225.260
      74.8000
     -848.225
      192.186
      205.045
     -1013.29
      132.744
      283.580
     -1011.14
      179.494
      582.037
     -643.437
      370.327
      615.108
     -454.805
      337.373
      110.071
     -811.667
      107.982
      135.301
     -998.201
     -101.866
      125.141
     -1124.58
     -258.797
      413.716
     -1155.60
     -274.525
      1086.97
     -884.731
      41.0537
      1279.62
     -529.674
      73.5394
      1271.22
     -326.549
     -68.8631
      1076.55
     -465.926
     -361.766
      831.909
     -562.727
     -713.870
      928.357
     -387.353
     -918.096
      1167.04
      3.16938
     -1133.98
      1320.27
      242.349
     -992.251
      792.577
     -120.094
     -713.178
      397.629
     -200.172
     -813.010
      513.876
      104.072
     -748.869
      696.802
     -172.136
     -470.151
      129.356
     -511.459
     -601.579
      260.897
     -448.619
     -584.448
      541.828
     -462.568
     -576.768
      536.301
     -407.478
     -484.794
      1020.32
     -87.3725
     -571.069
      1319.98
      174.992
     -520.658
      1603.02
      756.848
     -256.579
      1438.38
      796.604
     -11.3706
      931.586
      778.720
      194.205
      791.237
      837.102
      178.383
      657.757
      791.527
      214.567
      373.485
      585.217
      186.158
      183.449
      361.062
      108.292
      111.282
     -31.1112
     -143.312
     -24.2375
     -173.079
      87.8962
     -315.982
     -313.030
      41.5200
     -281.429
     -383.994
      52.0931
     -82.9631
     -466.165
     -19.6206
      208.783
     -304.294
      34.2719
      163.213
     -536.578
      122.204
      19.8581
     -671.678
      104.406
      73.8825
     -734.774
      40.1294
      179.582
     -935.227
      153.217
      189.468
     -950.256
      246.736
      207.953
     -724.094
      342.709
      79.1975
     -849.326
      236.869
     -62.1888
     -965.142
      77.9775
      36.8088
     -1000.29
      17.9869
      110.908
     -1104.88
      40.5863
      68.9325
     -1232.94
      237.065
      227.391
     -1229.34
      465.859
      144.029
     -1244.03
      355.810
      209.158
     -1252.24
      83.8075
      169.044
     -1194.88
     -296.488
      312.965
     -1067.75
     -451.980
      398.219
     -985.338
     -626.887
      791.710
     -455.615
     -723.547
      1389.65
      254.872
     -807.897
      1525.32
      170.077
     -769.387
      663.770
     -150.587
     -370.469
      504.598
      134.116
     -245.967
      646.446
     -245.799
     -441.407
      197.109
     -412.181
     -808.113
      471.443
     -440.696
     -769.806
      528.311
     -450.911
     -792.583
      723.136
     -337.436
     -784.470
      1078.70
     -134.879
     -597.981
      1333.91
      204.092
     -452.048
      1577.29
      813.327
     -341.609
      1443.45
      1034.29
     -278.163
      824.928
      908.302
      53.9706
      393.116
      845.131
      307.664
      286.119
      748.608
      349.044
      259.612
      530.397
      245.368
      213.568
      360.938
      180.218
      120.647
     -56.5525
     -105.052
     -12.5194
     -136.000
     -50.9000
     -42.7425
     -165.051
     -46.8987
     -206.296
     -298.740
     -22.4256
     -275.658
     -322.519
      23.2094
     -78.2344
     -292.494
      49.1031
     -7.65062
     -315.658
      82.4256
     -9.40875
     -438.126
      162.956
      106.301
     -475.607
      224.836
      197.325
     -844.503
      195.501
      73.6531
     -807.345
      191.436
      167.011
     -641.631
      64.9875
     -163.556
     -891.425
     -27.3644
     -357.869
     -840.275
      40.1481
     -142.749
     -925.948
      128.066
     -131.559
     -902.162
      233.990
     -201.079
     -963.503
      474.664
     -534.228
     -1010.69
      470.028
     -616.248
     -819.863
      599.471
     -984.104
     -1068.50
      395.331
     -1251.39
     -1369.38
      70.9738
     -913.391
     -1540.06
     -289.944
     -443.686
     -1381.02
     -491.789
      85.5113
     -1244.36
     -439.131
      402.079
     -944.293
     -418.387
      747.262
     -349.313
     -721.219
      1016.08
     -124.925
     -719.486
      1027.16
     -82.8138
     -624.177
      859.912
     -189.595
     -889.612
      912.941
     -311.252
     -817.872
      771.135
     -275.436
     -889.319
      1053.43
     -354.482
     -873.033
      1199.78
     -323.862
     -818.568
      1534.16
      15.5019
     -744.191
      1694.39
      312.637
     -595.949
      1865.63
      811.595
     -496.280
      1761.25
      1188.49
     -398.979
      1403.12
      1170.21
     -168.179
      730.394
      881.941
      232.007
      288.245
      706.390
      430.314
      176.329
      433.834
      311.441
      86.6362
      328.464
      129.051
      66.2275
     -25.6637
     -97.8975
      84.1506
     -94.1937
     -58.3981
      30.1075
     -104.806
     -50.5444
      50.3650
     -101.630
     -37.0400
     -48.4294
     -197.785
     -27.9600
     -38.1469
     -275.410
      15.1925
      3.49750
     -289.621
      12.4412
      11.9181
     -293.490
      137.168
     -15.2219
     -391.071
      193.713
     -89.0556
     -324.492
      465.836
     -63.7562
     -255.653
      273.563
     -77.9875
     -483.506
      95.0206
     -193.619
     -576.889
      228.120
     -169.009
     -413.731
      281.690
     -163.784
     -293.821
      495.940
     -687.982
     -409.227
      664.742
     -1065.71
     -552.049
      330.016
     -984.939
     -208.024
      532.063
     -1214.71
     -392.065
      476.311
     -1902.81
     -745.028
      209.843
     -1824.65
     -901.222
      155.674
     -1714.13
     -1144.06
     -41.7531
     -1478.05
     -1370.63
     -142.115
     -972.996
     -1392.10
     -305.125
     -397.622
     -1416.69
     -680.059
      60.6606
     -1099.19
     -996.888
      903.271
     -623.213
     -699.965
      1369.88
     -480.766
     -583.195
      1416.99
     -284.091
     -689.082
      1480.20
     -211.954
     -714.224
      1399.03
     -395.197
     -715.804
      1398.31
     -391.396
     -744.900
      1581.59
     -278.346
     -709.041
      1877.17
      98.8594
     -574.967
      2101.71
      566.899
     -318.013
      2264.42
      957.238
     -119.950
      2088.53
      1202.81
      19.1737
      1685.84
      1266.11
      153.032
      1147.24
      879.726
      371.904
      345.294
      616.504
      457.271
      245.076
      384.135
      194.987
      419.697
      375.813
      36.8587
      302.951
     -45.2831
     -119.000
      106.916
     -26.5931
     -137.856
      311.927
      31.0550
     -233.058
      586.401
      8.03062
      3.19000
      122.469
     -97.2513
      93.8469
     -24.4219
     -145.757
      285.069
      108.899
     -85.4225
      258.012
      40.9212
     -131.386
      230.288
     -4.58500
     -375.276
      227.746
     -189.762
     -189.725
      281.929
     -107.343
     -156.838
      438.356
     -173.523
     -308.656
      463.763
     -231.215
     -329.243
      677.552
     -393.886
     -317.378
      774.869
     -556.453
     -4.15000
      649.736
     -903.826
     -262.006
      453.771
     -1558.82
     -454.146
      196.622
     -1018.02
      231.041
      168.312
     -1561.67
     -89.9137
     -87.2531
     -2205.58
     -403.455
     -302.121
     -1995.32
     -571.844
     -241.782
     -1897.39
     -807.229
     -158.664
     -1730.03
     -1015.90
     -178.927
     -1604.92
     -1222.67
     -165.014
     -1350.80
     -1504.69
     -247.561
     -955.461
     -1594.58
     -365.925
     -349.123
     -1284.36
     -273.361
     -1.82373
     -1458.80
     -344.252
      263.239
     -1210.43
     -398.452
      533.895
     -1056.02
     -374.134
      726.879
     -1023.26
     -424.609
      1246.44
     -914.663
     -431.375
      1661.15
     -656.549
     -394.108
      2088.08
      28.4719
     -239.071
      2457.69
      617.428
      76.9144
      2459.10
      860.376
      376.859
      2153.59
      999.464
      363.652
      1650.70
      1054.12
      443.454
      1285.52
      664.993
      592.129
      466.836
      393.467
      552.022
      283.126
      250.650
      317.556
      829.719
      438.146
      168.759
      635.826
      16.1619
     -134.144
      300.164
      184.536
     -64.4656
      197.230
      158.219
     -62.3394
      176.362
      73.5831
      60.9056
      60.6800
      43.8281
      225.057
      3.62937
     -45.2225
      343.476
     -62.1850
     -43.9306
      219.543
     -47.0662
     -110.976
      253.961
     -90.6631
     -119.754
      275.467
     -188.446
     -165.911
      376.367
     -152.948
     -114.120
      667.994
     -393.642
      9.83312
      884.314
     -638.895
      19.4113
      1040.95
     -1110.44
     -65.1331
      972.951
     -1401.56
     -226.552
      637.378
     -1334.05
     -200.099
      124.252
     -1356.70
     -338.301
     -75.7325
     -1165.40
      288.055
     -430.930
     -1426.33
      93.2700
     -716.114
     -1896.32
     -273.357
     -849.724
     -1797.46
     -316.037
     -806.994
     -1713.16
     -425.864
     -628.840
     -1706.79
     -623.751
     -480.706
     -1640.64
     -814.368
     -451.344
     -1558.02
     -1020.61
     -573.494
     -1473.74
     -1117.75
     -664.253
     -1266.15
     -1075.42
     -687.064
     -932.148
     -1550.65
     -626.234
     -637.747
     -1423.45
     -651.931
      149.286
     -1194.00
     -607.866
      252.414
     -1352.52
     -484.845
      516.114
     -1508.69
     -231.383
      1240.32
     -1324.22
     -165.122
      1817.33
     -826.940
      164.840
      2251.54
      331.641
      584.109
      2442.85
      522.014
      745.721
      1954.03
      630.826
      860.972
      1526.49
      531.575
      840.702
      1242.42
      148.074
      731.932
      438.767
     -161.921
      496.943
      328.352
     -382.435
      460.003
      501.303
     -174.743
      216.522
      324.716
      119.899
      60.9987
      70.5837
      102.279
      22.5825
      30.6169
      96.2844
      5.23750
      70.7169
      49.6981
      20.8975
      9.10312
      60.4431
      175.944
     -29.2406
      54.6619
      191.370
     -65.1994
      52.9744
      160.150
     -51.7712
      21.7294
      357.243
     -104.857
      40.3081
      593.559
     -213.287
      118.741
      695.219
     -367.979
      322.723
      820.270
     -635.142
      501.861
      931.756
     -1239.31
      345.404
      922.477
     -1631.02
      73.0812
      693.102
     -1958.85
     -241.891
      320.776
     -1796.41
     -237.460
     -13.7419
     -1427.72
     -265.926
     -216.900
     -1181.29
      279.822
     -667.782
     -1035.20
      150.629
     -994.963
     -1520.17
     -266.664
     -1050.72
     -1457.43
     -149.001
     -1073.09
     -1375.23
     -205.111
     -1017.30
     -1455.29
     -314.701
     -853.003
     -1534.82
     -580.366
     -722.227
     -1527.13
     -881.052
     -791.666
     -1272.82
     -852.384
     -922.039
     -952.784
     -882.143
     -969.903
     -843.878
     -1181.93
     -883.282
     -770.708
     -1384.54
     -709.158
     -165.990
     -1280.44
     -652.506
      200.322
     -1279.07
     -573.831
      369.046
     -1436.55
     -254.147
      706.912
     -1552.89
      84.2637
      1341.50
     -1282.34
      362.451
      1825.39
     -467.272
      604.598
      2085.31
      227.201
      948.486
      1625.12
      141.339
      1002.57
      1169.87
     -32.8294
      901.485
      842.807
     -502.440
      742.476
      248.331
     -1009.59
      506.649
     -70.2025
     -851.516
      347.342
      1.09874
     -358.474
      225.751
      162.078
      96.8550
      30.0406
      32.8931
      79.2812
      75.0244
     -2.03562
      80.8694
      41.2369
      6.00313
      101.302
      55.2506
     -17.0756
      143.790
      134.089
      1.47312
      251.484
      201.791
     -26.1850
      204.689
      281.698
     -109.758
      379.494
      464.036
     -181.842
      273.847
      649.775
     -469.330
      439.765
      708.909
     -498.974
      729.929
      785.022
     -984.791
      852.147
      702.027
     -1589.45
      664.372
      551.676
     -2034.39
      139.832
      276.399
     -2297.60
     -282.188
     -133.056
     -1817.66
     -165.856
     -351.006
     -1499.99
     -326.291
     -351.205
     -1257.72
     -141.791
     -638.317
     -662.551
      105.726
     -979.136
     -1063.12
     -181.929
     -1099.92
     -1137.33
     -172.279
     -1161.73
     -1033.36
     -177.171
     -1181.25
     -1025.07
     -142.349
     -1090.20
     -1228.96
     -391.149
     -956.710
     -1268.98
     -686.154
     -844.721
     -1228.08
     -806.772
     -839.126
     -780.376
     -792.077
     -843.772
     -531.499
     -959.443
     -853.546
     -466.133
     -1099.70
     -740.206
     -342.040
     -1181.56
     -612.196
     -123.532
     -1210.40
     -537.294
      149.783
     -1279.26
     -411.769
      411.237
     -1393.20
     -69.1413
      843.311
     -1348.70
      435.376
      1263.11
     -943.954
      738.966
      1460.20
     -236.160
      807.203
      1340.24
     -342.660
      828.107
      687.621
     -402.404
      663.799
      451.703
     -427.854
      395.954
     -349.433
     -773.346
      44.6738
     -765.112
     -603.379
      102.233
     -197.875
     -276.009
      35.1881
     -27.8263
      96.9137
     -83.5950
      132.984
      62.5506
      5.21625
      10.0744
      98.4444
      20.4575
    -0.557500
      178.863
      55.8106
      43.4806
      275.192
      104.069
     -12.3631
      209.116
      176.884
     -66.7062
      215.459
      320.672
     -151.495
      443.792
      535.789
     -208.353
      580.763
      624.565
     -324.282
      743.801
      614.239
     -626.756
      1063.22
      541.313
     -1123.10
      1089.73
      280.475
     -1741.02
      796.126
      19.7481
     -2135.83
      96.7275
     -265.732
     -2274.76
     -298.974
     -446.004
     -1831.52
     -314.626
     -610.109
     -1227.19
     -137.137
     -719.152
     -1198.15
     -367.368
     -664.196
     -828.784
     -201.981
     -934.158
     -756.659
     -181.930
     -1007.13
     -730.216
     -173.626
     -1034.87
     -720.963
     -153.944
     -1034.39
     -595.009
     -60.2931
     -985.118
     -705.399
     -326.517
     -920.167
     -861.782
     -473.782
     -861.962
     -997.865
     -640.005
     -795.319
     -722.117
     -695.234
     -761.589
     -615.997
     -790.270
     -797.819
     -462.601
     -869.614
     -740.966
     -316.338
     -1084.35
     -570.531
     -88.2962
     -1007.30
     -474.051
      122.816
     -1096.48
     -429.477
      135.955
     -1215.17
     -142.244
      314.821
     -1305.40
      157.936
      494.541
     -1107.47
      403.122
      856.487
     -575.145
      695.509
      893.991
     -871.642
      455.636
      110.090
     -551.001
      217.024
      99.7863
     -285.965
      29.6537
     -73.4869
     -333.271
     -73.8288
     -154.938
     -337.714
     -90.9831
     -105.007
     -254.611
     -70.3369
     -46.8475
      222.359
     -38.6406
      328.600
      75.5956
      13.4431
      22.3681
      112.732
      2.74125
      3.64812
      221.649
      60.8000
      35.0887
      313.936
      63.5331
     -6.11187
      246.102
      110.147
     -111.322
      296.849
      230.304
     -177.606
      528.780
      349.610
     -247.033
      705.242
      444.347
     -375.189
      965.199
      382.827
     -685.024
      1165.05
      108.872
     -1226.07
      1144.88
     -206.352
     -1631.56
      894.097
     -590.530
     -1931.47
      224.110
     -741.141
     -2222.24
     -313.502
     -862.030
     -1879.06
     -473.501
     -810.494
     -1331.62
     -193.512
     -892.654
     -966.096
     -297.711
     -900.611
     -1024.32
     -407.525
     -873.172
     -618.064
     -314.522
     -950.725
     -535.681
     -154.965
     -979.073
     -502.612
     -44.3819
     -958.126
     -415.334
      48.2994
     -859.809
     -617.948
     -280.631
     -713.301
     -761.608
     -436.008
     -633.778
     -652.222
     -543.781
     -789.807
     -564.298
     -598.924
     -855.265
     -566.479
     -610.593
     -794.405
     -425.321
     -585.759
     -747.844
     -288.302
     -626.361
     -661.974
     -227.272
     -648.306
     -561.121
     -321.664
     -818.747
     -548.923
     -126.415
     -965.447
     -315.996
      20.9844
     -1095.86
     -97.7988
      230.559
     -1090.38
      151.932
      402.323
     -626.701
      534.239
     -24.1081
     -837.624
      132.715
     -397.184
     -541.301
      160.641
     -287.025
     -511.943
      134.320
     -368.416
     -448.289
      90.5506
     -271.007
     -267.061
     -29.7294
     -74.1906
     -205.514
     -46.6300
     -61.6444
      120.407
      24.8313
      185.924
      112.238
      21.6400
      86.2844
      78.6169
     -4.04563
      35.2106
      147.366
      9.15875
      4.86375
      195.459
      14.8500
     -1.00250
      211.617
      112.087
     -53.3581
      397.105
      179.433
     -98.3150
      639.681
      230.369
     -308.253
      762.479
      262.293
     -324.082
      1049.95
      135.015
     -601.187
      1158.77
     -251.191
     -1012.06
      1125.62
     -601.426
     -1295.76
      863.717
     -881.815
     -1620.41
      317.541
     -1194.12
     -1732.18
     -257.653
     -1244.52
     -1490.83
     -335.111
     -1114.58
     -1119.93
     -153.255
     -968.080
     -686.686
     -201.766
     -894.584
     -705.572
     -458.163
     -796.261
     -584.612
     -425.288
     -778.593
     -439.059
     -41.1675
     -794.729
     -484.328
      82.7206
     -887.682
     -351.399
     -12.7344
     -964.378
     -752.950
     -276.395
     -935.070
     -931.876
     -474.661
     -723.926
     -1052.39
     -628.354
     -679.189
     -511.310
     -521.927
     -698.724
     -311.976
     -517.787
     -646.105
     -202.809
     -387.141
     -577.223
     -360.391
     -401.172
     -441.079
     -348.962
     -578.324
     -437.024
     -253.214
     -769.441
     -467.684
     -257.470
     -866.383
     -319.697
     -154.891
     -869.636
     -245.119
     -64.1250
     -563.458
     -47.2781
     -255.703
     -632.499
      150.501
     -761.204
     -634.906
     -78.8381
     -582.901
     -435.909
     -105.727
     -688.779
     -414.551
     -125.486
     -522.731
     -542.477
      2.15250
     -605.665
     -375.519
      27.9231
     -203.924
     -217.934
      22.9325
     -71.4431
      80.8956
      28.9500
      44.5206
      137.896
      23.9219
      55.9031
      134.311
      18.1750
      32.0306
      161.104
      38.2769
      5.34750
      213.610
      12.8350
     -8.98812
      205.331
      10.1938
     -23.2700
      381.016
      108.749
     -155.254
      565.666
      141.828
     -263.716
      813.459
      69.8394
     -373.636
      989.299
     -156.371
     -467.262
      1000.06
     -616.004
     -722.445
      912.841
     -821.471
     -1074.81
      573.982
     -1109.63
     -1232.38
      252.834
     -1299.82
     -1209.23
     -123.188
     -1270.11
     -937.322
     -74.1306
     -1157.67
     -605.004
     -14.3200
     -929.231
     -713.230
     -38.3575
     -909.861
     -477.381
     -331.411
     -833.410
     -720.109
     -441.951
     -896.851
     -202.689
     -295.814
     -943.909
     -709.588
     -126.660
     -720.188
     -629.981
     -217.839
     -667.751
     -435.850
     -359.945
     -716.781
     -436.971
     -518.791
     -725.206
     -509.458
     -527.709
     -623.236
     -622.770
     -404.899
     -461.683
     -432.937
     -455.918
     -469.117
     -362.112
     -310.198
     -327.932
     -183.607
     -309.439
     -289.251
     -419.217
     -740.619
     -197.029
     -746.701
     -974.784
     -220.247
     -256.791
     -884.396
     -193.512
    -0.228127
     -599.166
     -59.3200
      83.5975
     -165.451
     -113.682
     -423.254
     -300.649
     -205.305
     -691.944
     -232.083
     -37.1744
     -251.611
     -175.111
     -60.2950
     -266.956
     -30.2469
      11.8756
     -193.570
     -265.181
      233.298
     -548.998
     -321.915
      210.580
     -281.422
     -312.241
      164.783
     -152.229
      37.2362
     -31.2956
      24.3719
      53.1256
      18.7787
      9.87875
      51.1113
      27.2819
     -14.0475
      131.232
      34.5844
     -27.9281
      166.683
      49.4425
     -42.9456
      190.772
      29.8869
     -10.7000
      304.897
      11.6550
     -32.1919
      551.900
     -41.9075
     -75.4681
      817.216
     -210.532
     -117.266
      854.969
     -332.254
     -232.944
      818.294
     -554.706
     -397.948
      688.286
     -830.022
     -671.672
      387.062
     -1083.22
     -696.179
      178.796
     -1185.76
     -636.646
     -7.90687
     -1167.22
     -511.764
     -32.9300
     -1088.54
     -367.589
     -14.9350
     -1022.06
     -570.889
     -15.2150
     -964.487
     -392.411
     -147.437
     -951.064
     -586.773
     -242.417
     -953.051
     -290.920
     -525.727
     -940.396
     -103.383
     -368.177
     -905.122
     -456.893
     -374.324
     -689.834
     -596.537
     -596.422
     -534.027
     -543.539
     -818.657
     -404.251
     -298.387
     -746.763
     -421.862
     -286.828
     -522.909
     -461.386
     -245.644
     -260.299
     -189.353
     -245.674
     -308.640
     -107.479
     -275.925
     -497.051
     -136.064
     -202.876
     -500.703
     -258.260
     -598.436
     -887.709
     -251.506
     -726.963
     -783.897
     -171.452
     -210.135
     -427.703
     -103.556
      20.6725
     -144.593
     -83.2056
     -38.3338
     -68.7956
      6.57938
     -344.602
     -199.694
      99.5838
     -578.262
     -139.912
      126.537
     -535.650
      68.6656
      135.103
     -565.131
     -82.8887
      535.177
     -1009.93
     -516.236
      575.114
     -964.251
     -690.692
      335.286
     -559.343
     -13.1569
     -29.3881
      5.48750
     -97.1387
     -3.36188
     -20.9994
     -40.3619
      14.1256
     -31.2812
      138.837
      31.6019
     -84.0769
      152.932
      105.782
     -274.189
      176.017
      45.6188
     -41.4944
      270.929
     -3.72250
     -55.8794
      445.323
     -73.7575
     -58.8244
      637.935
     -243.333
     -111.255
      669.302
     -414.412
     -203.633
      611.303
     -599.729
     -334.351
      544.649
     -760.809
     -364.397
      320.887
     -876.792
     -383.292
      139.628
     -964.452
     -288.996
     -34.8175
     -1013.09
     -257.656
     -80.3162
     -1001.41
     -345.689
     -20.8962
     -911.413
     -333.927
     -37.2381
     -893.605
     -383.594
     -151.182
     -938.225
     -293.929
     -135.942
     -983.589
     -269.347
     -297.861
     -929.242
     -31.3919
     -259.259
     -683.065
     -123.518
     -462.103
     -658.852
     -393.948
     -686.003
     -520.940
     -249.034
     -816.803
     -338.464
     -212.287
     -834.399
     -232.297
     -117.431
     -572.358
     -295.804
     -78.6387
     -484.598
     -138.836
     -670.051
     -507.466
     -48.7531
     -513.439
     -729.546
     -17.9300
     -237.713
     -839.182
     -22.0413
     -194.833
     -783.288
     -53.3656
     -38.6294
     -532.286
     -120.184
      22.6787
     -350.036
     -25.7050
      188.582
     -46.1300
     -27.9438
      58.7425
      205.450
     -35.6700
     -546.647
     -423.986
     -247.236
     -881.104
     -488.347
     -257.297
     -399.614
     -236.645
     -403.560
     -625.142
     -657.337
     -239.366
     -1049.47
     -1050.85
      54.6162
     -886.930
     -913.578
      230.359
     -271.686
      1.61000
      3.32000
     -1.69562
     -12.1700
      29.3181
     -12.1637
     -3.41625
      17.0938
     -14.4794
      105.904
     -30.9619
     -31.0844
      120.994
     -9.52938
     -54.4338
      182.657
      37.5256
     -71.4437
      181.504
     -51.0069
     -33.6231
      275.443
     -90.9312
     -29.4987
      394.373
     -161.848
     -133.024
      492.236
     -331.131
     -147.017
      527.562
     -497.613
     -142.945
      426.361
     -609.323
     -156.439
      180.348
     -801.756
     -153.372
      54.1344
     -864.302
     -158.339
     -38.7712
     -749.680
     -113.701
     -206.398
     -877.059
     -155.671
     -203.601
     -867.273
     -263.900
     -117.516
     -860.164
     -240.113
     -144.932
     -822.514
     -158.749
     -86.4206
     -803.627
     -199.982
     -159.866
     -660.991
     0.690624
     -207.754
     -488.849
     -89.4025
     -321.514
     -387.312
     -190.332
     -473.671
     -422.671
     -141.917
     -633.891
     -281.533
     -126.065
     -658.063
     -163.696
     -65.8537
     -614.792
     -188.821
      2.72625
     -557.931
      1.61563
     -304.427
     -638.223
      214.372
     -107.643
     -737.316
      201.732
      32.8581
     -778.841
      181.762
      52.0462
     -508.658
      147.569
      123.378
     -257.161
      97.2113
      126.733
     -140.628
      15.7431
      23.8175
      25.0144
    -0.973125
     -24.8988
      105.693
     -61.2925
     -204.702
     -206.006
     -281.124
     -492.684
     -337.334
     -150.964
     -270.555
     -442.235
     -305.986
     -264.351
     -822.171
     -353.594
     -256.129
     -941.999
     -30.0312
     -200.223
     -918.299
      170.960
     -154.741
     -47.0462
      15.1156
     -13.4531
     -2.95875
      60.5706
     -22.1250
     -40.5687
      16.4456
     -11.5306
      44.5531
      40.2306
     -18.1544
      84.3519
     -7.84375
     -5.42812
      110.827
     -37.6094
     -112.371
      107.001
     -81.4319
     -30.0519
      194.529
     -45.1969
      15.1037
      204.397
     -104.042
     -55.5262
      249.476
     -163.006
     -6.38937
      237.477
     -217.662
     -12.3287
      207.298
     -276.408
      5.96687
      78.6087
     -468.913
     -32.7619
      21.2113
     -482.885
     -74.3219
     -10.7069
     -449.178
     -60.3600
     -74.2050
     -451.613
     -28.5256
     -194.010
     -617.382
     -60.3031
     -97.6194
     -664.207
     -102.257
     -114.653
     -609.882
     -127.462
     -97.9738
     -613.870
     -151.848
     -65.6100
     -468.727
      27.6900
     -200.324
     -336.766
      39.9975
     -206.190
     -278.042
     -21.1256
     -270.665
     -236.800
     -58.6069
     -362.959
     -163.634
     -59.1712
     -436.490
     -60.4225
     -61.8275
     -439.027
      37.1719
      115.928
     -471.688
      128.674
      68.0344
     -599.676
      161.092
      19.7125
     -592.869
      253.336
      195.365
     -387.505
      253.457
      655.164
     -37.7525
     -9.59562
      199.791
     -130.530
      4.39750
      15.8825
     -25.6775
      25.3813
     -72.3769
      132.714
      10.4287
     -88.6488
      30.1525
      55.9050
     -345.396
     -34.8638
      140.401
     -322.052
     -231.348
      215.558
     -493.742
     -546.980
     -93.1719
     -455.281
     -726.489
     -177.428
     -286.651
     -864.531
     -13.9713
     -222.436
     -929.759
      49.9325
     -55.0006
      2.22625
      34.5731
     -8.86187
     -33.9200
      21.3156
     -12.5150
     -38.3363
      15.7319
     -17.6231
     -46.8056
      19.3462
     -21.6644
     -7.61063
      47.8925
     -35.1469
     -7.07250
      18.6413
     -42.9362
      42.3669
     -32.6838
     -4.45187
      112.007
     -47.0106
      8.45750
      120.402
     -68.0331
      8.96437
      117.884
     -32.8331
      7.56250
      135.076
     -107.961
      16.1581
      144.420
     -187.501
      11.3219
      98.2000
     -246.726
     -5.08500
     -34.1969
     -309.191
     -10.3006
      1.94750
     -322.685
     -3.93125
     -11.7444
     -274.074
      19.8994
     -78.4631
     -323.114
     -12.1763
     -15.9975
     -379.658
     -66.9037
     -132.012
     -336.814
     -77.1162
     -123.899
     -488.771
     -51.5137
     -48.2912
     -286.689
      14.6637
     -171.598
     -248.324
      83.8456
     -174.034
     -185.634
      19.2238
     -183.611
     -181.848
     -63.0969
     -203.723
     -152.235
     -18.4150
     -205.089
     -81.4612
      3.57625
     -162.797
      37.7700
      30.5612
     -196.779
      88.3769
      34.4725
     -203.024
      110.213
      29.3712
     -192.769
      141.903
      69.2644
      137.235
      243.891
      323.492
      179.455
      30.2819
      29.1200
      38.2444
      4.65312
     -38.1387
      22.3081
      3.27688
     -6.96375
      113.300
      4.89812
     -21.7931
      298.807
      92.8631
     -368.482
      199.591
      187.102
     -1045.77
     -371.940
      70.5794
     -1368.28
     -646.301
     -197.521
     -763.439
     -583.037
     -228.529
     -452.448
     -750.382
     -67.5769
     -274.193
     -965.338
      38.7606
     -12.0488
     -24.7931
      45.3594
     -19.6794
     -35.4113
      3.04813
     -6.84062
     -20.7850
      23.7887
     -11.9819
     -8.78562
      42.6194
     -13.7300
     -44.4369
      50.0969
     -25.9756
     -50.2800
      45.2256
     -47.7469
     -31.6056
      41.0687
     -49.7681
     -18.6306
      8.72750
     -34.7887
     -32.3731
      1.06062
     -17.1069
      13.9362
     -9.16187
     -5.52875
      91.7800
     -92.5619
      14.6019
      101.819
     -161.049
      8.59625
      52.5731
     -155.971
     -5.60000
     -1.57062
     -192.749
      8.90125
     -13.9825
     -243.853
      11.2237
     0.136875
     -203.639
      21.0762
     -9.07625
     -236.684
      100.214
     -22.9731
     -245.369
      3.46750
     -47.4837
     -186.459
     -57.5381
     -74.0519
     -232.911
     -278.020
     -101.397
     -196.730
     -39.9106
     -138.466
     -191.500
      134.557
     -91.9162
     -163.868
      29.4844
     -167.339
     -123.000
     -13.8469
     -141.905
     -110.342
     -15.5769
     -130.370
     -70.8306
      4.04250
     -133.761
     -39.2006
      14.6925
     -111.261
     -5.13000
      44.4581
     -117.046
      23.3781
      41.1306
     -73.6100
     -18.3806
      2.97563
     -50.0013
      41.3462
     -24.4594
      64.8581
     -53.4119
     -24.0719
      33.9950
      49.0875
     -34.9500
     -44.9175
      17.1000
     -45.3369
      117.485
     -12.1925
     -117.333
      463.616
     -32.7706
     -686.467
      150.559
     -333.276
     -1104.41
     -398.386
     -411.349
     -1238.38
     -535.211
     -377.012
     -670.791
     -416.159
     -225.731
     -571.392
     -717.742
     -137.364
     -613.250
     -616.519
      33.5125
     -153.075
