     -763.640
     -158.138
     -343.362
     -637.213
     -152.814
     -255.260
     -390.652
     -140.317
     -58.1148
     -266.277
     -63.2184
     -141.598
     -204.215
     -144.788
     -65.0756
     -325.409
     -282.627
     -23.8614
     -305.368
     -268.232
      78.9872
     -148.255
     -161.010
      92.3939
     -182.314
     -145.268
      9.41469
     -278.648
     -207.701
      23.4788
     -235.103
     -383.359
      182.491
     -81.6786
     -468.532
      270.121
      24.8342
     -329.246
      224.824
      38.5805
     -210.500
      289.559
      94.3775
     -140.678
      157.885
      34.1181
     -121.806
      45.2306
     -10.5516
     -119.018
      24.8395
     -4.77156
     -44.9825
      4.06516
      11.1245
     -20.8909
      1.75172
      34.3294
     -63.5537
      22.2925
      23.1820
     -32.6825
      16.2198
     -683.677
     -367.997
     -432.721
     -568.120
     -429.824
     -263.960
     -360.284
     -231.246
     -13.8722
     -283.593
     -195.219
      34.5355
     -248.342
     -174.292
     -25.9928
     -328.153
     -243.515
      76.2392
     -399.483
     -467.915
      428.236
     -95.8123
     -432.498
      371.905
     -138.815
     -379.954
      230.623
     -371.613
     -375.310
      313.158
     -350.162
     -490.418
      626.173
     -158.887
     -595.956
      846.051
      169.021
     -467.136
      565.879
      157.236
     -257.454
      261.362
      77.3967
     -217.624
      205.868
      5.47359
     -196.413
      46.3652
     -50.0139
     -170.958
      8.43984
      17.2645
     -183.794
      29.6573
      67.9356
     -142.000
      39.9647
      76.2331
     -123.729
      34.9733
      36.4136
     -12.8086
     -40.7834
     -737.618
     -422.418
     -170.646
     -522.411
     -314.073
     -34.0750
     -318.689
     -158.289
     -1.71531
     -343.758
     -116.281
      107.572
     -239.051
     -233.714
      201.160
     -409.938
     -105.930
    -0.874531
     -588.060
     -119.818
      516.056
     -169.569
     -208.236
      662.315
     -70.0084
     -201.400
      378.578
     -207.752
     -154.614
      318.650
     -238.324
     -273.146
      475.619
     -126.543
     -436.409
      717.051
      125.455
     -478.856
      763.718
      234.936
     -252.838
      404.798
      59.1348
     -248.559
      236.936
     -17.2537
     -362.618
      205.822
     -141.190
     -406.656
      80.2187
      30.1372
     -431.876
      89.2933
      112.669
     -287.182
      68.1714
      125.151
     -229.210
      31.6919
      80.2550
     -87.1841
     -42.8675
     -439.104
     -225.425
     -43.1709
     -337.413
     -182.156
      78.6687
     -253.851
     -122.444
      38.7806
     -342.750
     -125.889
      89.5186
     -269.117
     -145.599
      277.898
     -429.929
     -205.888
      51.7486
     -374.557
     -118.300
      121.843
     -176.312
     -77.9713
      84.4761
     -196.606
     -168.700
     -51.1291
     -233.040
     -315.518
      169.774
     -360.894
     -316.932
      482.224
     -191.848
     -166.013
      869.827
      130.351
     -59.0270
      850.789
      74.3853
     -320.085
      663.904
      123.473
     -355.577
      385.538
     -61.0227
     -418.646
      381.979
      33.4272
     -751.054
      454.717
      131.889
     -796.914
      395.121
      335.899
     -637.177
      207.759
      210.871
     -296.319
      57.6478
      157.136
     -171.910
      36.3984
     -280.221
     -194.349
      56.5327
     -219.604
     -163.808
      16.3109
     -239.359
     -163.081
      81.1530
     -271.312
     -172.040
      123.120
     -221.827
     -159.859
      104.254
     -588.859
     -362.907
      231.375
     -546.823
     -260.543
      596.913
     -253.007
     -382.519
      388.847
     -377.091
     -324.780
      29.5975
     -544.488
     -252.383
      296.579
     -338.806
      115.629
      439.595
     -111.445
     -8.97312
      154.748
     -269.205
     -123.097
      70.9570
     -160.205
     -115.193
      239.094
      64.9214
     -394.425
      583.551
     -133.593
     -441.412
      451.376
      160.640
     -600.536
      876.570
      397.011
     -519.764
      746.637
      485.657
     -500.084
      404.078
      347.919
     -446.422
      204.095
      281.968
     -322.907
      135.649
     -366.273
     -309.737
      167.147
     -121.228
     -203.914
      173.330
     -323.520
     -50.7053
      167.780
     -470.854
     -110.678
      317.721
     -403.078
     -412.732
      637.141
     -267.967
     -333.512
      494.767
     -498.558
     -84.1284
      495.441
     -421.071
     -318.972
      1069.89
     -21.9725
     -612.707
      815.422
     -254.690
     -60.2273
      204.132
     -260.600
      149.622
     -10.2733
     -201.870
     -97.3317
      28.8392
     -277.677
     -218.726
      225.802
     -269.307
     -283.055
      307.949
     -157.548
     -430.780
      683.811
     -106.336
     -472.269
      686.282
      165.098
     -506.439
      747.767
      289.567
     -541.254
      599.106
      351.018
     -658.452
      724.192
      416.661
     -660.115
      855.972
      562.259
     -389.202
      545.221
     -341.867
     -267.527
      251.853
     -139.443
      8.13437
      146.148
     -320.002
      61.7008
     -11.3445
     -570.277
     0.124222
      121.554
     -1098.73
     -89.0870
      484.568
     -496.825
     -54.7002
      1075.93
     -310.306
      11.1823
      511.908
     -581.886
     -12.9805
      423.877
     -429.085
     -410.300
      977.323
      80.8784
     -623.321
      934.319
     -124.999
     -122.418
      182.977
     -359.255
     -204.465
      148.586
     -232.825
     -477.245
      174.159
     -180.720
     -521.543
      173.722
     -289.763
     -318.049
      471.582
     -356.330
     -475.626
      725.369
      15.5551
     -591.580
      1189.91
      295.267
     -670.081
      1106.77
      489.392
     -238.722
      1230.28
      727.737
      131.929
      853.838
      611.781
      131.907
      369.980
     -153.375
     -69.4897
     -31.9173
     -315.748
      66.4750
     -133.114
     -342.462
      30.8144
      101.683
     -566.204
      163.386
      39.4184
     -882.879
      129.569
      214.419
     -832.231
      284.816
      371.074
     -770.235
      190.050
      54.9978
     -1056.99
     -75.5225
      179.674
     -1125.65
      117.363
      684.504
     -838.124
      111.073
      681.494
     -822.822
     -456.026
      617.863
     -456.284
     -850.629
      1167.17
      136.801
     -820.678
      844.825
     -28.1428
     -544.579
      590.431
     -335.394
     -580.312
      264.702
     -450.698
     -680.901
      582.394
     -241.791
     -609.579
      1188.23
      487.315
     -392.724
      1515.53
      879.479
     -10.3395
      735.217
      805.592
      262.415
      394.243
      459.404
      180.009
      157.237
     -78.1025
     -78.0620
      14.7491
     -167.557
     -39.2272
     -120.005
     -272.052
      14.8862
     -30.1336
     -334.224
      98.7478
      23.3970
     -508.918
      269.972
      29.5416
     -547.034
      156.252
     -67.0380
     -680.580
      130.648
     -208.353
     -632.789
      380.685
     -521.584
     -683.566
      451.693
     -837.531
     -756.365
      420.239
     -1490.74
     -1238.68
     -26.2623
     -1137.31
     -1347.03
     -344.540
     -220.757
     -952.372
     -704.138
      681.819
     -327.929
     -656.706
      1168.48
     -249.223
     -777.698
      1140.83
     -354.128
     -805.764
      1308.28
     -121.962
     -711.692
      1801.86
      662.092
     -382.548
      1994.96
      1206.91
     -98.7383
      1241.65
      771.140
      372.874
      263.736
      380.562
      168.085
      218.878
      32.2053
     -113.866
      229.059
      67.7219
     -57.8255
      236.478
     -61.1008
      236.862
      6.48047
     -92.9287
      240.451
     -25.3483
     -212.666
      290.377
     -159.625
     -142.445
      613.607
     -359.319
     -173.086
      866.582
     -865.584
     -173.202
      466.284
     -1288.35
     -68.3378
     -35.4319
     -1292.86
     -168.364
     -488.803
     -1973.67
     -530.244
     -459.070
     -1761.84
     -919.172
     -318.998
     -1538.59
     -1309.41
     -462.808
     -1011.12
     -1342.31
     -482.728
     -327.120
     -1220.98
     -508.096
      415.619
     -1199.78
     -393.053
      1166.00
     -694.809
     -158.365
      2153.66
      582.865
      445.901
      2252.39
      803.996
      627.195
      1426.28
      261.153
      593.256
      379.270
      32.9045
      290.710
      572.891
      99.5786
      47.1616
      33.0145
      82.0386
      30.6556
      17.1869
      127.595
      175.799
     -29.7880
      164.722
      315.782
     -112.057
      218.165
      661.866
     -387.393
      601.665
      809.769
     -1112.17
      305.672
      610.914
     -1980.46
     -231.849
     -44.2569
     -1635.45
     -113.547
     -468.551
     -1034.19
     -48.0598
     -1031.18
     -1294.51
     -175.890
     -1108.34
     -1222.24
     -357.141
     -905.535
     -1389.97
     -806.591
     -849.388
     -1058.52
     -953.899
     -887.626
     -653.055
     -1236.56
     -678.517
     -107.810
     -1301.32
     -444.260
      409.244
     -1394.28
      203.237
      1318.33
     -355.046
      774.813
      1627.72
     -159.139
      848.990
      788.000
     -678.307
      422.438
     -234.104
     -522.344
      177.629
     -15.6311
      114.355
     -25.8941
      123.507
      152.922
      34.9523
      20.4150
      261.086
      113.658
     -49.1258
      371.220
      359.094
     -196.122
      748.751
      516.494
     -502.813
      1115.72
      181.077
     -1430.44
      502.765
     -394.414
     -2141.07
     -350.150
     -682.159
     -1567.35
     -248.932
     -794.153
     -1004.34
     -276.490
     -941.296
     -660.155
     -131.729
     -1001.61
     -558.480
     -154.786
     -869.599
     -736.684
     -523.394
     -770.217
     -734.126
     -673.755
     -802.270
     -517.599
     -791.520
     -680.329
     -230.052
     -892.710
     -503.393
     -47.3272
     -1145.47
     -99.5258
      265.226
     -849.923
      446.201
      532.173
     -700.392
      241.504
     -118.583
     -394.867
      45.1739
     -216.962
     -266.225
     -59.4198
     -71.9225
      112.859
      24.8358
      93.1581
      130.349
      15.3912
      19.3631
      206.504
      37.4916
     -21.6547
      495.867
      165.095
     -206.384
      903.796
      77.6942
     -441.542
      1049.32
     -572.523
     -1026.27
      502.019
     -1121.35
     -1448.55
     -197.521
     -1196.72
     -1038.27
     -101.925
     -925.439
     -645.717
     -414.203
     -826.279
     -486.617
     -95.2303
     -836.627
     -543.824
     -216.728
     -820.995
     -639.411
     -537.379
     -687.889
     -673.981
     -475.133
     -568.907
     -327.459
     -351.988
     -408.871
     -328.044
     -765.792
     -330.496
     -378.544
     -804.895
     -204.412
     -33.9116
     -415.514
     -53.9409
     -533.026
     -369.502
     -70.5086
     -447.562
     -313.114
      30.4598
     -467.741
     -306.902
      106.555
     -177.255
     -4.98344
     -11.3167
      4.68469
      70.2045
      26.8984
     -39.3334
      171.601
      57.6825
     -92.3322
      393.262
     -26.9331
     -55.5909
      744.856
     -300.133
     -166.275
      665.633
     -686.317
     -442.092
      256.593
     -1027.56
     -501.279
     -38.9927
     -1067.57
     -370.674
     -22.0711
     -947.892
     -420.205
     -169.245
     -956.482
     -360.242
     -362.756
     -864.456
     -178.796
     -529.713
     -600.913
     -445.765
     -804.155
     -349.219
     -228.733
     -460.041
     -271.345
     -310.002
     -510.676
     -77.5567
     -307.488
     -752.721
     -146.293
     -389.715
     -523.480
     -105.224
      5.44953
     -13.5172
     -35.0600
     -217.710
     -312.985
     -69.6031
     -598.658
     -227.051
      6.83861
     -812.420
     -792.840
      298.844
     -670.552
     -15.1412
      27.0811
     -12.3594
      26.6181
      10.7020
     -18.8122
      124.707
     -4.36422
     -60.9191
      189.619
     -67.1417
     -19.5175
      335.120
     -190.007
     -85.4892
      349.674
     -400.251
     -76.4366
      83.5755
     -654.464
     -104.699
     -82.5203
     -631.883
     -89.5642
     -153.187
     -752.257
     -166.643
     -110.995
     -712.473
     -159.510
     -158.388
     -488.833
     -5.25609
     -318.010
     -331.206
     -102.995
     -522.851
     -167.321
     -78.2294
     -520.859
     -5.33984
     -29.4345
     -642.021
      207.633
      35.0731
     -428.189
      143.298
      257.595
     -138.499
      35.6833
      23.5141
      73.3936
      1.01703
     -165.912
     -202.388
     -19.0322
     -394.758
     -634.469
     -232.545
     -315.603
     -913.647
      44.2225
     -158.100
     -22.9745
      26.0741
     -11.9742
     -28.6781
      25.3716
     -16.2498
     -27.3500
      40.4641
     -37.9514
      26.0345
     -7.47453
     -20.1378
      54.9623
     -27.2419
     -1.52719
      118.274
     -137.268
      12.6695
      28.7514
     -226.159
     -3.02109
     -5.91062
     -261.063
      12.0670
     -31.6275
     -296.206
      6.15047
     -94.3617
     -311.239
     -116.047
     -114.938
     -230.811
      48.2889
     -154.225
     -163.587
     -7.05891
     -170.272
     -103.717
     -6.59328
     -151.149
      20.4541
      31.0461
     -146.612
      64.2784
      35.6855
      82.8867
      65.5269
      76.0203
      12.4075
      18.5294
     -31.3473
      248.302
      13.1995
     -298.519
     -105.044
     -121.736
     -1189.21
     -545.177
     -257.198
     -614.517
     -762.495
     -33.1669
     -263.142
