      1.00000
      1.00000
      1.00000
      1.00000
     0.516081
   0.00206646
      1.00000
     0.359930
     0.187854
     0.455676
    0.0570533
   0.00944136
     0.177111
    0.0919403
     0.176645
     0.206529
     0.375841
   0.00200517
    0.0131274
    0.0714226
     0.252975
     0.714109
     0.852083
      1.00000
      1.00000
     0.958841
      1.00000
      1.00000
      1.00000
     0.464885
     0.266196
    0.0593734
    0.0267936
   0.00311178
   0.00920161
    0.0204621
   0.00836539
    0.0291143
    0.0160022
    0.0333747
    0.0430148
    0.0500230
      1.00000
      1.00000
      1.00000
      1.00000
     0.331248
    0.0442436
      1.00000
     0.242831
    0.0584552
     0.148315
    0.0617212
   0.00268756
     0.160771
     0.962950
      1.00000
     0.171186
     0.295551
     0.903308
     0.260929
     0.570157
      1.00000
      1.00000
      1.00000
      1.00000
      1.00000
      1.00000
      1.00000
      1.00000
      1.00000
     0.336265
    0.0843491
    0.0243711
    0.0528406
    0.0453885
    0.0277070
    0.0327323
    0.0472809
   0.00834711
    0.0154287
    0.0259425
   0.00120583
   0.00110584
      1.00000
      1.00000
      1.00000
      1.00000
     0.361867
     0.431233
     0.238164
   0.00927530
    0.0997770
    0.0118456
   0.00425919
     0.570761
     0.496444
      1.00000
      1.00000
     0.255097
     0.156335
     0.237945
     0.273464
      1.00000
      1.00000
      1.00000
      1.00000
      1.00000
      1.00000
      1.00000
      1.00000
     0.756487
      1.00000
      1.00000
     0.129225
    0.0415327
  5.09438e-05
    0.0165026
    0.0281331
    0.0217612
    0.0623355
    0.0492267
    0.0276169
    0.0723005
    0.0107987
    0.0953497
      1.00000
      1.00000
      1.00000
     0.793629
    0.0398684
     0.474227
   0.00576081
      1.00000
    0.0543570
   0.00124491
   0.00912503
      1.00000
      1.00000
      1.00000
      1.00000
      1.00000
      1.00000
      1.00000
      1.00000
      1.00000
      1.00000
      1.00000
      1.00000
      1.00000
      1.00000
      1.00000
      1.00000
      1.00000
      1.00000
      1.00000
     0.357310
   0.00568139
   0.00716703
    0.0303181
    0.0455307
    0.0687685
     0.140963
    0.0478443
    0.0460245
    0.0800984
     0.136592
     0.263276
      1.00000
      1.00000
     0.578759
     0.144128
   0.00253470
   0.00195290
    0.0445263
     0.609109
     0.648522
   0.00486506
    0.0968558
     0.846760
      1.00000
      1.00000
      1.00000
      1.00000
      1.00000
      1.00000
      1.00000
      1.00000
      1.00000
      1.00000
      1.00000
      1.00000
      1.00000
      1.00000
      1.00000
      1.00000
      1.00000
      1.00000
     0.605991
     0.312430
     0.192454
    0.0689544
     0.174930
     0.237027
     0.117127
     0.103025
    0.0841967
  0.000688844
     0.328253
     0.140188
     0.693146
     0.469282
  9.94176e-05
    0.0584229
   0.00850084
    0.0173679
     0.158288
      1.00000
      1.00000
      1.00000
     0.157804
    0.0552505
     0.818067
      1.00000
      1.00000
      1.00000
     0.194922
    0.0482059
     0.235969
     0.720553
      1.00000
      1.00000
      1.00000
      1.00000
      1.00000
      1.00000
      1.00000
      1.00000
     0.782421
      1.00000
      1.00000
      1.00000
      1.00000
     0.132803
     0.641354
     0.455906
     0.319625
     0.347319
     0.138657
    0.0244414
     0.118565
    0.0220671
     0.147175
     0.484758
   0.00145097
     0.426382
    0.0749733
   0.00500910
    0.0306585
     0.603425
      1.00000
      1.00000
    0.0743721
   0.00152523
    0.0953832
     0.145342
      1.00000
    0.0855660
    0.0166442
    0.0279698
     0.112717
     0.229361
      1.00000
      1.00000
      1.00000
      1.00000
      1.00000
      1.00000
      1.00000
      1.00000
      1.00000
      1.00000
      1.00000
      1.00000
      1.00000
      1.00000
      1.00000
      1.00000
      1.00000
     0.926743
     0.242889
    0.0494006
   0.00272832
    0.0675328
   0.00251126
  0.000450854
     0.180944
      1.00000
     0.197439
     0.149592
     0.169916
      1.00000
      1.00000
     0.638201
     0.196807
      1.00000
      1.00000
     0.777880
    0.0296414
     0.155348
     0.217739
     0.360675
     0.676684
      1.00000
      1.00000
      1.00000
      1.00000
      1.00000
      1.00000
      1.00000
      1.00000
      1.00000
      1.00000
      1.00000
      1.00000
      1.00000
      1.00000
      1.00000
      1.00000
      1.00000
      1.00000
      1.00000
     0.305841
    0.0724395
    0.0581996
     0.272214
     0.207150
  0.000880853
    0.0168491
     0.132784
     0.244530
     0.125325
    0.0601557
     0.484016
     0.459486
     0.102715
     0.555311
      1.00000
      1.00000
      1.00000
      1.00000
     0.100471
     0.185316
    0.0303703
      1.00000
      1.00000
      1.00000
      1.00000
      1.00000
    0.0190923
     0.338991
     0.284969
     0.797791
      1.00000
      1.00000
      1.00000
      1.00000
      1.00000
      1.00000
      1.00000
      1.00000
      1.00000
      1.00000
      1.00000
      1.00000
      1.00000
     0.377979
     0.455231
      1.00000
    0.0264211
  4.32294e-06
   0.00326755
    0.0791625
      1.00000
     0.286015
      1.00000
     0.708213
     0.883992
      1.00000
      1.00000
      1.00000
      1.00000
      1.00000
      1.00000
     0.280406
     0.747339
     0.330055
     0.733549
     0.108944
    0.0275352
    0.0402420
    0.0100977
    0.0505257
     0.303991
     0.715758
      1.00000
      1.00000
      1.00000
      1.00000
      1.00000
      1.00000
      1.00000
      1.00000
      1.00000
      1.00000
      1.00000
      1.00000
      1.00000
      1.00000
     0.803623
    0.0138729
     0.979638
     0.526296
    0.0540698
      1.00000
      1.00000
      1.00000
      1.00000
      1.00000
      1.00000
      1.00000
      1.00000
      1.00000
      1.00000
      1.00000
      1.00000
      1.00000
      1.00000
     0.547409
     0.599947
     0.442985
    0.0102204
     0.143891
   0.00748297
     0.295809
      1.00000
      1.00000
      1.00000
      1.00000
      1.00000
      1.00000
      1.00000
      1.00000
      1.00000
      1.00000
      1.00000
      1.00000
      1.00000
      1.00000
      1.00000
      1.00000
      1.00000
    0.0768837
      1.00000
      1.00000
     0.216024
     0.179917
     0.147331
     0.147968
     0.987092
      1.00000
      1.00000
      1.00000
      1.00000
      1.00000
      1.00000
      1.00000
      1.00000
      1.00000
      1.00000
      1.00000
      1.00000
     0.178172
   0.00498554
  0.000592111
    0.0777736
      1.00000
      1.00000
     0.882644
      1.00000
      1.00000
      1.00000
      1.00000
      1.00000
      1.00000
      1.00000
      1.00000
      1.00000
      1.00000
      1.00000
      1.00000
      1.00000
      1.00000
      1.00000
     0.466757
      1.00000
      1.00000
    0.0775460
     0.199865
    0.0216225
     0.903276
      1.00000
      1.00000
      1.00000
      1.00000
      1.00000
      1.00000
      1.00000
      1.00000
      1.00000
      1.00000
      1.00000
      1.00000
      1.00000
     0.517099
     0.126558
    0.0193697
   0.00396743
      1.00000
      1.00000
     0.440996
      1.00000
      1.00000
      1.00000
      1.00000
      1.00000
      1.00000
      1.00000
      1.00000
      1.00000
      1.00000
      1.00000
      1.00000
      1.00000
      1.00000
      1.00000
      1.00000
      1.00000
     0.286600
   0.00773374
    0.0139594
    0.0133740
    0.0105953
     0.128845
     0.578937
      1.00000
      1.00000
      1.00000
      1.00000
      1.00000
      1.00000
      1.00000
      1.00000
      1.00000
      1.00000
      1.00000
      1.00000
      1.00000
      1.00000
      1.00000
      1.00000
      1.00000
      1.00000
      1.00000
      1.00000
      1.00000
      1.00000
      1.00000
      1.00000
      1.00000
      1.00000
      1.00000
      1.00000
      1.00000
      1.00000
      1.00000
      1.00000
     0.941983
      1.00000
    0.0724776
     0.644796
     0.100767
    0.0456481
  0.000321455
   0.00524840
     0.248668
      1.00000
      1.00000
      1.00000
      1.00000
     0.538468
     0.813612
     0.696008
      1.00000
      1.00000
      1.00000
      1.00000
      1.00000
      1.00000
      1.00000
      1.00000
      1.00000
      1.00000
      1.00000
      1.00000
      1.00000
     0.743691
      1.00000
      1.00000
      1.00000
      1.00000
      1.00000
      1.00000
      1.00000
      1.00000
      1.00000
      1.00000
      1.00000
      1.00000
     0.550385
    0.0261092
      1.00000
      1.00000
     0.305906
      1.00000
      1.00000
    0.0175264
     0.242605
      1.00000
      1.00000
      1.00000
     0.278766
     0.171886
    0.0602171
     0.546694
     0.211186
      1.00000
     0.921968
      1.00000
      1.00000
      1.00000
      1.00000
      1.00000
      1.00000
      1.00000
      1.00000
      1.00000
      1.00000
      1.00000
      1.00000
      1.00000
      1.00000
      1.00000
      1.00000
      1.00000
      1.00000
      1.00000
      1.00000
      1.00000
      1.00000
      1.00000
     0.646925
   0.00696599
    0.0811965
      1.00000
      1.00000
     0.272027
   0.00260142
   0.00393443
     0.502214
      1.00000
     0.241101
      1.00000
      1.00000
      1.00000
     0.905654
     0.769231
      1.00000
      1.00000
      1.00000
      1.00000
      1.00000
      1.00000
      1.00000
     0.324986
      1.00000
      1.00000
      1.00000
      1.00000
      1.00000
      1.00000
      1.00000
      1.00000
      1.00000
      1.00000
      1.00000
      1.00000
      1.00000
      1.00000
      1.00000
      1.00000
      1.00000
     0.333593
     0.194937
     0.314726
    0.0402872
     0.112739
     0.104240
    0.0646748
  0.000543666
   0.00631296
    0.0102980
     0.352485
     0.180660
     0.270313
      1.00000
      1.00000
      1.00000
      1.00000
      1.00000
      1.00000
      1.00000
      1.00000
      1.00000
      1.00000
      1.00000
      1.00000
      1.00000
     0.163543
      1.00000
      1.00000
      1.00000
      1.00000
      1.00000
      1.00000
      1.00000
      1.00000
      1.00000
      1.00000
      1.00000
      1.00000
      1.00000
      1.00000
      1.00000
      1.00000
      1.00000
     0.508048
      1.00000
      1.00000
     0.666611
    0.0265079
     0.527070
    0.0744244
  0.000934321
      1.00000
     0.512113
      1.00000
      1.00000
      1.00000
      1.00000
      1.00000
      1.00000
      1.00000
      1.00000
      1.00000
      1.00000
      1.00000
      1.00000
      1.00000
      1.00000
      1.00000
      1.00000
  0.000147822
      1.00000
      1.00000
      1.00000
      1.00000
      1.00000
      1.00000
      1.00000
      1.00000
      1.00000
      1.00000
      1.00000
      1.00000
      1.00000
      1.00000
      1.00000
      1.00000
      1.00000
      1.00000
     0.163647
  0.000585438
     0.171865
    0.0984547
     0.365325
      1.00000
      1.00000
      1.00000
      1.00000
      1.00000
      1.00000
      1.00000
      1.00000
      1.00000
      1.00000
      1.00000
      1.00000
      1.00000
      1.00000
      1.00000
      1.00000
      1.00000
      1.00000
      1.00000
      1.00000
     0.990506
      1.00000
      1.00000
      1.00000
      1.00000
      1.00000
      1.00000
      1.00000
      1.00000
      1.00000
      1.00000
      1.00000
      1.00000
      1.00000
     0.221425
    0.0416619
     0.222261
   0.00368297
    0.0380006
     0.188931
     0.119123
     0.488671
      1.00000
      1.00000
      1.00000
      1.00000
      1.00000
      1.00000
      1.00000
      1.00000
      1.00000
      1.00000
      1.00000
      1.00000
      1.00000
      1.00000
      1.00000
      1.00000
      1.00000
      1.00000
      1.00000
      1.00000
      1.00000
      1.00000
      1.00000
      1.00000
      1.00000
      1.00000
      1.00000
      1.00000
      1.00000
      1.00000
      1.00000
     0.219040
  5.36550e-05
      1.00000
    0.0480870
  0.000184167
   0.00160167
    0.0129590
  9.64487e-05
    0.0304735
     0.535415
      1.00000
      1.00000
      1.00000
      1.00000
      1.00000
      1.00000
      1.00000
      1.00000
      1.00000
      1.00000
      1.00000
      1.00000
      1.00000
      1.00000
      1.00000
      1.00000
      1.00000
      1.00000
      1.00000
      1.00000
      1.00000
      1.00000
     0.678228
     0.997102
      1.00000
      1.00000
      1.00000
      1.00000
      1.00000
      1.00000
      1.00000
      1.00000
      1.00000
      1.00000
    0.0344133
     0.785993
   0.00451080
  1.38136e-05
    0.0840251
   0.00679319
     0.197765
      1.00000
      1.00000
      1.00000
      1.00000
      1.00000
      1.00000
      1.00000
      1.00000
      1.00000
      1.00000
      1.00000
      1.00000
      1.00000
      1.00000
      1.00000
      1.00000
      1.00000
      1.00000
      1.00000
      1.00000
      1.00000
      1.00000
      1.00000
     0.346499
     0.670386
     0.821501
      1.00000
      1.00000
      1.00000
      1.00000
     0.538658
     0.442547
     0.240014
      1.00000
     0.490070
    0.0975417
      1.00000
    0.0222370
  0.000591503
    0.0547209
   0.00166022
     0.550780
      1.00000
      1.00000
      1.00000
      1.00000
      1.00000
      1.00000
      1.00000
      1.00000
      1.00000
      1.00000
      1.00000
      1.00000
      1.00000
      1.00000
      1.00000
      1.00000
      1.00000
      1.00000
      1.00000
      1.00000
      1.00000
      1.00000
      1.00000
      1.00000
      1.00000
     0.710256
    0.0195708
      1.00000
      1.00000
    0.0258312
      1.00000
      1.00000
      1.00000
      1.00000
     0.244633
     0.168890
      1.00000
     0.330889
    0.0551017
   0.00105138
  4.46669e-05
     0.126537
     0.429593
      1.00000
      1.00000
      1.00000
      1.00000
      1.00000
      1.00000
      1.00000
      1.00000
      1.00000
      1.00000
      1.00000
      1.00000
      1.00000
      1.00000
      1.00000
      1.00000
      1.00000
      1.00000
      1.00000
      1.00000
      1.00000
      1.00000
      1.00000
      1.00000
      1.00000
      1.00000
     0.182756
      1.00000
      1.00000
      1.00000
      1.00000
      1.00000
      1.00000
      1.00000
     0.226850
    0.0880927
     0.138896
    0.0455983
   0.00127092
   0.00359051
    0.0240664
      1.00000
      1.00000
      1.00000
      1.00000
      1.00000
      1.00000
      1.00000
      1.00000
      1.00000
      1.00000
      1.00000
      1.00000
      1.00000
      1.00000
      1.00000
      1.00000
      1.00000
      1.00000
      1.00000
      1.00000
      1.00000
      1.00000
      1.00000
      1.00000
      1.00000
      1.00000
  2.31296e-06
     0.310602
      1.00000
      1.00000
      1.00000
      1.00000
      1.00000
      1.00000
      1.00000
      1.00000
    0.0263995
   0.00433732
   0.00877032
    0.0346658
    0.0819701
   0.00508844
    0.0460585
     0.253131
     0.611172
      1.00000
      1.00000
      1.00000
      1.00000
      1.00000
      1.00000
      1.00000
      1.00000
      1.00000
      1.00000
      1.00000
     0.475020
      1.00000
      1.00000
      1.00000
      1.00000
      1.00000
      1.00000
      1.00000
      1.00000
      1.00000
      1.00000
      1.00000
      1.00000
    0.0189934
    0.0653101
      1.00000
      1.00000
      1.00000
      1.00000
      1.00000
      1.00000
      1.00000
   0.00133834
    0.0195988
    0.0434896
     0.314174
      1.00000
    0.0765237
     0.138778
     0.153791
     0.550119
      1.00000
      1.00000
      1.00000
      1.00000
      1.00000
      1.00000
      1.00000
      1.00000
      1.00000
      1.00000
      1.00000
    0.0437978
     0.678070
      1.00000
      1.00000
      1.00000
     0.612887
     0.274847
      1.00000
      1.00000
      1.00000
      1.00000
    0.0663213
    0.0228589
      1.00000
     0.153364
      1.00000
      1.00000
      1.00000
      1.00000
      1.00000
      1.00000
      1.00000
  0.000127784
   0.00657586
   0.00931788
    0.0429439
     0.131690
     0.226854
    0.0502451
    0.0386745
     0.786466
     0.960621
     0.908145
      1.00000
      1.00000
      1.00000
     0.574570
      1.00000
      1.00000
      1.00000
      1.00000
      1.00000
  2.11983e-05
     0.355236
      1.00000
     0.895137
     0.706328
     0.192743
  0.000330331
      1.00000
     0.514980
    0.0479847
     0.120392
     0.676541
     0.713835
    0.0252121
    0.0275532
      1.00000
      1.00000
      1.00000
      1.00000
      1.00000
      1.00000
      1.00000
   0.00804385
    0.0217562
   0.00590912
    0.0146481
   0.00130953
     0.561207
    0.0401384
    0.0101388
     0.137030
   0.00181440
   0.00675547
   0.00158238
    0.0477040
     0.245500
     0.161926
    0.0361649
     0.161621
     0.464738
     0.722068
      1.00000
    0.0340772
    0.0711022
    0.0198352
     0.152656
     0.155611
     0.169895
     0.597304
     0.205719
    0.0172703
      1.00000
      1.00000
      1.00000
    0.0112113
     0.232818
     0.349271
      1.00000
      1.00000
      1.00000
      1.00000
      1.00000
      1.00000
     0.134448
   0.00349035
   0.00696112
    0.0138033
    0.0208598
    0.0549023
    0.0819343
  0.000880853
   0.00317908
   0.00357156
   0.00254184
    0.0116038
   0.00569710
   0.00114921
   0.00471568
  0.000686877
    0.0175993
   0.00658938
     0.198938
     0.264307
     0.117941
   0.00955669
     0.312448
    0.0164246
     0.176943
    0.0150717
  0.000568425
    0.0415107
    0.0528157
    0.0383409
     0.213225
      1.00000
    0.0376877
    0.0646473
   0.00215528
    0.0211085
      1.00000
      1.00000
      1.00000
      1.00000
      1.00000
      1.00000
   0.00645211
    0.0172123
   0.00207974
   0.00638068
   0.00837835
    0.0299881
     0.101323
     0.110083
    0.0537892
    0.0130065
   0.00135854
   0.00947621
   0.00328425
   0.00139378
   0.00352143
   0.00559878
    0.0197426
     0.446352
  0.000534380
     0.147139
      1.00000
    0.0707937
     0.804691
    0.0386368
   0.00852160
    0.0107840
  0.000726303
   0.00959420
    0.0878455
    0.0751879
  0.000393526
    0.0265894
    0.0257536
    0.0542890
    0.0913525
     0.611869
      1.00000
      1.00000
      1.00000
      1.00000
      1.00000
      1.00000
      1.00000
