      1.00000
      1.00000
      1.00000
      1.00000
      1.00000
      1.00000
     0.465556
     0.352321
     0.639947
     0.259522
    0.0688450
    0.0284316
     0.187359
     0.273163
     0.117192
     0.150958
     0.111434
     0.193102
     0.384131
     0.465533
   0.00995671
  0.000134174
  3.36109e-08
    0.0303340
    0.0634200
   0.00747937
    0.0105233
    0.0248483
    0.0335622
    0.0583947
    0.0662891
    0.0767198
     0.264453
     0.674835
    0.0432155
    0.0547248
    0.0175783
    0.0708536
    0.0345340
    0.0431670
    0.0710933
     0.148007
     0.333333
      1.00000
     0.802876
     0.472885
     0.715321
      1.00000
      1.00000
      1.00000
      1.00000
     0.977528
      1.00000
      1.00000
      1.00000
      1.00000
      1.00000
      1.00000
     0.519625
     0.514447
     0.273198
     0.261837
    0.0883972
    0.0456677
    0.0598618
   0.00878594
  0.000837138
   0.00333891
    0.0293266
    0.0323280
    0.0765813
    0.0646685
    0.0424497
    0.0792235
    0.0360747
    0.0256427
    0.0390523
    0.0492248
    0.0978960
    0.0495062
    0.0399800
    0.0138337
    0.0549121
   0.00455625
      1.00000
      1.00000
      1.00000
      1.00000
      1.00000
      1.00000
      1.00000
      1.00000
      1.00000
     0.130815
     0.107956
   0.00630436
      1.00000
      1.00000
      1.00000
     0.283201
     0.111678
     0.392189
     0.291978
     0.735678
     0.240983
     0.124727
     0.187561
    0.0167875
     0.262827
     0.692890
     0.582932
    0.0357777
     0.125257
     0.814326
     0.735163
     0.181433
     0.408960
     0.227529
   0.00327375
    0.0422234
   0.00743331
    0.0212431
    0.0951723
     0.134616
     0.508321
     0.419321
     0.349143
      1.00000
      1.00000
     0.773168
      1.00000
      1.00000
      1.00000
      1.00000
     0.595315
      1.00000
      1.00000
      1.00000
      1.00000
      1.00000
      1.00000
     0.810420
     0.423367
     0.407725
     0.426496
     0.141614
    0.0747476
    0.0361951
    0.0541726
   0.00698896
  0.000474514
    0.0131408
   0.00296662
  0.000475967
  1.82044e-05
   0.00136038
  0.000309174
    0.0193859
   0.00599850
    0.0650250
  0.000446618
   0.00427498
   0.00491167
    0.0156959
    0.0664608
    0.0646346
     0.168962
    0.0330331
      1.00000
      1.00000
      1.00000
      1.00000
      1.00000
      1.00000
      1.00000
      1.00000
     0.977627
   0.00407895
     0.378225
     0.230416
      1.00000
      1.00000
     0.970291
    0.0368640
   0.00745632
    0.0752405
    0.0951003
     0.465442
     0.517440
    0.0328516
     0.116770
    0.0549121
  1.54711e-05
     0.944752
      1.00000
     0.251736
     0.694194
      1.00000
     0.333506
     0.155380
     0.754176
     0.315338
      1.00000
      1.00000
     0.932126
     0.199824
    0.0584511
     0.656964
      1.00000
      1.00000
     0.872979
      1.00000
      1.00000
      1.00000
      1.00000
      1.00000
      1.00000
      1.00000
     0.564727
     0.732736
      1.00000
      1.00000
      1.00000
      1.00000
      1.00000
      1.00000
     0.221904
     0.199154
     0.183170
    0.0615288
    0.0265799
    0.0174636
    0.0371976
    0.0619512
    0.0569618
    0.0566757
    0.0755700
    0.0150389
    0.0307476
    0.0231496
    0.0178623
    0.0441070
    0.0158802
   0.00917125
    0.0183783
   0.00592643
    0.0368576
    0.0224900
    0.0295783
  0.000229523
    0.0733778
    0.0100869
      1.00000
      1.00000
      1.00000
      1.00000
      1.00000
      1.00000
      1.00000
      1.00000
     0.753829
     0.145402
  0.000184507
     0.926920
      1.00000
     0.560602
     0.264985
    0.0780178
    0.0816435
     0.102859
    0.0654081
    0.0864948
    0.0163883
   0.00121452
    0.0883476
   0.00510510
  0.000602702
     0.373627
      1.00000
     0.670706
      1.00000
      1.00000
     0.183755
    0.0648381
     0.105625
     0.176064
     0.196013
     0.692751
     0.221841
    0.0255254
     0.262844
      1.00000
      1.00000
      1.00000
      1.00000
      1.00000
      1.00000
      1.00000
      1.00000
      1.00000
      1.00000
      1.00000
      1.00000
      1.00000
      1.00000
     0.493319
     0.954594
     0.752874
      1.00000
      1.00000
     0.660725
     0.347333
    0.0610419
    0.0569379
    0.0334158
    0.0214525
    0.0490253
    0.0656897
    0.0532225
    0.0209526
    0.0311993
   0.00839972
    0.0367106
    0.0418543
    0.0577761
    0.0816435
    0.0181665
    0.0680775
    0.0274123
    0.0140976
    0.0205540
    0.0252651
    0.0213063
    0.0268632
    0.0440790
   0.00874537
      1.00000
      1.00000
      1.00000
      1.00000
      1.00000
      1.00000
      1.00000
      1.00000
      1.00000
      1.00000
      1.00000
     0.895704
      1.00000
     0.154266
    0.0558298
    0.0955634
     0.369988
     0.121011
    0.0178134
    0.0340218
   0.00362605
    0.0152852
     0.528238
     0.940706
    0.0985646
     0.234450
     0.770855
     0.746006
      1.00000
      1.00000
     0.258810
    0.0412225
    0.0392040
     0.116679
     0.269309
     0.138955
    0.0581614
     0.104534
     0.591848
      1.00000
      1.00000
      1.00000
      1.00000
      1.00000
      1.00000
      1.00000
      1.00000
      1.00000
      1.00000
      1.00000
      1.00000
      1.00000
      1.00000
     0.711942
     0.573932
     0.384152
     0.189051
      1.00000
      1.00000
     0.799147
     0.125033
    0.0775530
    0.0636553
    0.0258781
    0.0198669
    0.0157795
    0.0112997
    0.0266288
    0.0249324
    0.0202730
   0.00866761
    0.0458745
    0.0298829
    0.0351063
    0.0362649
    0.0665038
    0.0202351
    0.0377849
    0.0803723
    0.0510233
   0.00464669
   0.00264367
    0.0651525
    0.0932793
      1.00000
      1.00000
      1.00000
      1.00000
      1.00000
      1.00000
      1.00000
     0.957332
    0.0618102
   0.00199660
    0.0466272
    0.0403340
    0.0929030
  1.60000e-05
    0.0330755
  0.000470167
    0.0478151
   0.00786769
   0.00184900
   0.00554032
  1.89225e-05
    0.0373584
     0.341095
     0.549402
     0.639067
      1.00000
      1.00000
      1.00000
      1.00000
      1.00000
     0.641654
     0.257539
     0.262161
     0.280865
     0.159002
     0.436547
     0.445311
     0.739514
      1.00000
      1.00000
      1.00000
      1.00000
      1.00000
      1.00000
      1.00000
      1.00000
      1.00000
      1.00000
      1.00000
      1.00000
      1.00000
      1.00000
      1.00000
      1.00000
      1.00000
     0.796437
     0.651222
      1.00000
      1.00000
     0.489627
     0.227434
     0.108197
    0.0682341
    0.0198246
   0.00401745
    0.0304968
   0.00490233
    0.0303979
    0.0273682
    0.0421070
   0.00498436
    0.0450218
    0.0931877
     0.111011
    0.0379081
    0.0597639
    0.0164994
    0.0398601
    0.0860542
    0.0744289
    0.0319516
    0.0137671
     0.108922
     0.118646
      1.00000
      1.00000
      1.00000
      1.00000
      1.00000
      1.00000
      1.00000
     0.890979
    0.0264876
     0.454119
      1.00000
    0.0567234
   0.00712336
    0.0571608
      1.00000
     0.714053
    0.0352063
    0.0118701
   0.00246512
  0.000720923
  0.000288434
    0.0301427
     0.318773
     0.633563
     0.953975
      1.00000
      1.00000
      1.00000
      1.00000
      1.00000
      1.00000
      1.00000
      1.00000
      1.00000
      1.00000
      1.00000
      1.00000
      1.00000
      1.00000
      1.00000
      1.00000
      1.00000
      1.00000
      1.00000
      1.00000
      1.00000
      1.00000
      1.00000
      1.00000
      1.00000
      1.00000
      1.00000
      1.00000
      1.00000
      1.00000
      1.00000
      1.00000
      1.00000
      1.00000
      1.00000
      1.00000
     0.148212
    0.0487821
  0.000292410
    0.0434653
   0.00552297
    0.0210879
    0.0425391
    0.0923957
    0.0618931
    0.0304154
    0.0712712
     0.174849
     0.145097
    0.0338008
    0.0493580
    0.0191407
    0.0401201
     0.116839
    0.0828576
    0.0152605
    0.0182205
     0.139017
     0.138248
      1.00000
      1.00000
      1.00000
      1.00000
      1.00000
     0.720546
     0.643445
     0.286528
    0.0142166
     0.165473
      1.00000
    0.0380055
    0.0405083
     0.122628
      1.00000
      1.00000
     0.102016
     0.100236
   0.00943488
   0.00105625
  0.000787738
    0.0267105
     0.769714
      1.00000
      1.00000
      1.00000
      1.00000
      1.00000
      1.00000
      1.00000
      1.00000
      1.00000
      1.00000
      1.00000
      1.00000
      1.00000
      1.00000
      1.00000
      1.00000
      1.00000
      1.00000
      1.00000
      1.00000
      1.00000
      1.00000
      1.00000
      1.00000
      1.00000
      1.00000
      1.00000
      1.00000
      1.00000
      1.00000
      1.00000
      1.00000
      1.00000
      1.00000
      1.00000
      1.00000
      1.00000
     0.651948
    0.0212528
    0.0400934
    0.0105062
    0.0225350
   0.00888935
    0.0278334
    0.0317493
   0.00745057
    0.0459888
    0.0729720
     0.113872
     0.139415
     0.108471
    0.0716187
    0.0405217
    0.0219781
     0.137814
     0.131781
    0.0194277
     0.257015
     0.921440
    0.0866223
      1.00000
      1.00000
      1.00000
      1.00000
      1.00000
      1.00000
     0.621943
     0.434852
     0.200689
    0.0127841
  7.48225e-05
   0.00572040
   0.00311178
  0.000997507
    0.0218744
     0.122045
     0.300578
    0.0403474
  0.000919101
   0.00105192
   0.00248336
    0.0851861
    0.0114169
     0.308247
      1.00000
      1.00000
      1.00000
      1.00000
      1.00000
      1.00000
      1.00000
      1.00000
      1.00000
      1.00000
      1.00000
      1.00000
      1.00000
      1.00000
      1.00000
      1.00000
      1.00000
      1.00000
      1.00000
      1.00000
      1.00000
      1.00000
      1.00000
      1.00000
      1.00000
      1.00000
      1.00000
      1.00000
      1.00000
      1.00000
      1.00000
      1.00000
      1.00000
      1.00000
      1.00000
      1.00000
      1.00000
     0.412892
     0.215203
     0.180243
   0.00856550
    0.0266506
    0.0505725
    0.0739931
    0.0567075
    0.0805235
     0.145937
     0.187590
     0.264265
     0.118347
    0.0808834
    0.0828288
    0.0374036
   0.00340278
    0.0819391
    0.0762864
    0.0185323
     0.976902
    0.0491066
    0.0250853
      1.00000
      1.00000
      1.00000
      1.00000
     0.820383
     0.559953
     0.213767
    0.0423262
    0.0421960
    0.0140739
   0.00151840
    0.0139515
   0.00150544
    0.0481071
     0.198233
     0.528432
      1.00000
      1.00000
      1.00000
    0.0152111
     0.102443
     0.368368
    0.0572246
    0.0229169
      1.00000
      1.00000
      1.00000
      1.00000
      1.00000
      1.00000
      1.00000
      1.00000
      1.00000
      1.00000
      1.00000
      1.00000
      1.00000
      1.00000
      1.00000
      1.00000
      1.00000
      1.00000
      1.00000
      1.00000
      1.00000
      1.00000
      1.00000
      1.00000
      1.00000
      1.00000
      1.00000
      1.00000
      1.00000
      1.00000
      1.00000
      1.00000
     0.571939
     0.604377
      1.00000
      1.00000
      1.00000
     0.656991
      1.00000
      1.00000
     0.405366
     0.760762
     0.244464
    0.0881892
    0.0591706
     0.256053
     0.251185
     0.278379
     0.223367
     0.120629
     0.154619
     0.117249
     0.211861
     0.162315
     0.170734
    0.0252545
    0.0376360
     0.803951
    0.0342682
   0.00873602
     0.120536
      1.00000
     0.699844
     0.618294
     0.332737
    0.0126038
    0.0459316
     0.125033
     0.149782
    0.0431324
    0.0112360
     0.107682
    0.0108715
    0.0129201
     0.538683
      1.00000
      1.00000
      1.00000
      1.00000
      1.00000
   0.00521525
    0.0136422
   0.00257049
    0.0306017
     0.435468
      1.00000
      1.00000
      1.00000
      1.00000
      1.00000
      1.00000
      1.00000
      1.00000
     0.829132
     0.274698
     0.106700
     0.175407
     0.300523
     0.148392
     0.576815
      1.00000
      1.00000
      1.00000
      1.00000
      1.00000
      1.00000
      1.00000
      1.00000
      1.00000
      1.00000
      1.00000
      1.00000
      1.00000
      1.00000
      1.00000
      1.00000
     0.365662
     0.395117
     0.950625
      1.00000
      1.00000
      1.00000
      1.00000
      1.00000
      1.00000
      1.00000
     0.500934
    0.0773211
    0.0772191
     0.348867
     0.416606
     0.383471
     0.256373
     0.196633
     0.214184
     0.256407
     0.371592
     0.201167
     0.144463
    0.0864654
  0.000117722
    0.0769970
  1.20178e-05
    0.0426078
   0.00739313
     0.606452
     0.496861
     0.604143
     0.359700
    0.0322083
   0.00140875
   0.00317532
    0.0288547
    0.0679210
  4.22500e-05
    0.0138180
  0.000520600
     0.105214
     0.175924
     0.350227
      1.00000
      1.00000
      1.00000
      1.00000
   0.00997002
     0.557063
     0.602978
     0.851437
     0.726444
    0.0665296
    0.0810731
     0.151736
      1.00000
      1.00000
      1.00000
      1.00000
     0.296753
    0.0533225
    0.0100802
  0.000145202
    0.0209719
     0.177002
     0.346842
     0.558831
     0.276606
      1.00000
      1.00000
      1.00000
      1.00000
      1.00000
      1.00000
      1.00000
      1.00000
      1.00000
      1.00000
      1.00000
      1.00000
      1.00000
      1.00000
      1.00000
     0.806254
     0.770094
      1.00000
      1.00000
      1.00000
      1.00000
      1.00000
      1.00000
      1.00000
      1.00000
     0.930389
     0.227465
     0.180455
     0.867475
      1.00000
     0.713349
     0.533849
     0.539515
     0.385227
     0.485972
     0.296244
     0.111768
     0.106635
     0.119405
  0.000630010
     0.849900
    0.0304444
    0.0435487
   0.00867071
     0.233369
     0.352499
     0.859020
     0.733449
     0.284249
    0.0270438
    0.0117036
     0.231987
     0.216659
   0.00311364
  9.61000e-06
   0.00364413
    0.0413444
     0.375401
     0.475479
     0.634386
     0.878875
      1.00000
      1.00000
      1.00000
     0.114921
     0.772700
     0.323325
     0.109230
  9.50693e-06
   0.00672127
    0.0117000
     0.589287
      1.00000
      1.00000
     0.295954
    0.0441490
   0.00652595
    0.0124100
    0.0370948
   0.00697503
    0.0440230
     0.170982
     0.146128
     0.209993
      1.00000
      1.00000
      1.00000
      1.00000
      1.00000
      1.00000
      1.00000
      1.00000
      1.00000
      1.00000
      1.00000
      1.00000
      1.00000
      1.00000
      1.00000
      1.00000
      1.00000
      1.00000
      1.00000
     0.877750
      1.00000
      1.00000
      1.00000
      1.00000
      1.00000
      1.00000
      1.00000
     0.496485
      1.00000
      1.00000
      1.00000
      1.00000
      1.00000
     0.759309
     0.735249
     0.560577
     0.342771
     0.166056
     0.152074
  3.54025e-05
     0.468768
  1.58670e-05
    0.0495285
   0.00527560
    0.0311170
    0.0791484
     0.339442
     0.175659
   0.00487902
     0.378328
      1.00000
     0.879094
     0.264453
   0.00356807
  0.000499522
    0.0414055
    0.0360177
   0.00549575
     0.244464
      1.00000
      1.00000
      1.00000
      1.00000
      1.00000
    0.0536463
    0.0109063
    0.0547326
     0.259030
     0.340239
     0.321489
    0.0904806
     0.121336
     0.195335
    0.0210347
    0.0297908
    0.0592111
  0.000526702
     0.213891
     0.314702
  1.21000e-06
    0.0460961
     0.254941
     0.477573
     0.147520
     0.362926
      1.00000
      1.00000
      1.00000
      1.00000
      1.00000
      1.00000
      1.00000
      1.00000
      1.00000
      1.00000
      1.00000
      1.00000
      1.00000
      1.00000
      1.00000
      1.00000
      1.00000
      1.00000
      1.00000
     0.911993
      1.00000
      1.00000
      1.00000
      1.00000
      1.00000
      1.00000
      1.00000
      1.00000
      1.00000
      1.00000
      1.00000
      1.00000
      1.00000
     0.851406
      1.00000
     0.661186
    0.0273076
    0.0759462
    0.0526473
    0.0533533
    0.0618683
     0.124633
     0.153090
    0.0440930
   0.00770884
   0.00845787
   0.00658803
    0.0886848
     0.357186
      1.00000
     0.686826
    0.0928015
    0.0325802
    0.0391051
    0.0299636
     0.130634
    0.0532994
     0.162261
     0.969240
      1.00000
      1.00000
      1.00000
      1.00000
    0.0933404
     0.199988
     0.417704
     0.949390
      1.00000
      1.00000
     0.635103
    0.0857709
    0.0137788
    0.0607212
    0.0610419
    0.0864752
     0.143590
     0.604480
     0.845296
    0.0665296
    0.0364046
     0.780572
      1.00000
      1.00000
     0.671935
      1.00000
      1.00000
      1.00000
      1.00000
      1.00000
      1.00000
      1.00000
      1.00000
      1.00000
      1.00000
      1.00000
      1.00000
      1.00000
      1.00000
      1.00000
      1.00000
      1.00000
      1.00000
      1.00000
      1.00000
      1.00000
      1.00000
      1.00000
      1.00000
      1.00000
      1.00000
      1.00000
      1.00000
      1.00000
      1.00000
      1.00000
      1.00000
      1.00000
      1.00000
      1.00000
     0.255648
    0.0718061
    0.0699250
    0.0553818
    0.0697576
     0.122488
     0.218556
     0.259064
  0.000294694
    0.0131102
   0.00425974
  0.000525938
    0.0922742
     0.252289
     0.908114
      1.00000
     0.667407
     0.225894
     0.520177
     0.207025
     0.466148
     0.139714
     0.616173
      1.00000
      1.00000
      1.00000
     0.273198
    0.0639668
    0.0945972
     0.510129
      1.00000
      1.00000
      1.00000
      1.00000
      1.00000
     0.294614
  0.000946588
    0.0864948
     0.116782
     0.481220
    0.0912443
      1.00000
     0.480134
     0.283024
    0.0591625
      1.00000
      1.00000
      1.00000
      1.00000
      1.00000
      1.00000
      1.00000
      1.00000
      1.00000
      1.00000
      1.00000
      1.00000
      1.00000
      1.00000
      1.00000
      1.00000
      1.00000
      1.00000
      1.00000
      1.00000
      1.00000
      1.00000
      1.00000
      1.00000
      1.00000
      1.00000
      1.00000
      1.00000
      1.00000
      1.00000
      1.00000
      1.00000
      1.00000
      1.00000
      1.00000
      1.00000
      1.00000
      1.00000
      1.00000
     0.801950
     0.294867
     0.151554
    0.0351625
   0.00211293
    0.0929742
     0.234304
     0.392419
    0.0391182
    0.0562164
   0.00339112
   0.00179776
    0.0353252
    0.0712445
     0.126357
      1.00000
     0.557511
    0.0819868
     0.202230
    0.0766921
    0.0372619
    0.0200647
     0.106559
      1.00000
      1.00000
     0.495334
    0.0694059
     0.188255
     0.379168
     0.684894
      1.00000
      1.00000
      1.00000
      1.00000
      1.00000
      1.00000
     0.560427
     0.124738
   0.00380072
     0.184800
   0.00204003
     0.929746
     0.203010
    0.0358156
     0.100415
      1.00000
      1.00000
      1.00000
      1.00000
      1.00000
      1.00000
      1.00000
      1.00000
      1.00000
     0.413320
     0.136999
     0.773960
      1.00000
     0.509130
    0.0969700
     0.535239
      1.00000
      1.00000
      1.00000
      1.00000
      1.00000
      1.00000
      1.00000
      1.00000
      1.00000
      1.00000
      1.00000
      1.00000
      1.00000
      1.00000
      1.00000
      1.00000
      1.00000
      1.00000
      1.00000
      1.00000
      1.00000
      1.00000
      1.00000
      1.00000
     0.563100
     0.737709
     0.711239
     0.198099
     0.183827
     0.410283
     0.526471
     0.991618
     0.151996
   0.00199660
  0.000707560
   0.00291780
  0.000106778
    0.0127991
    0.0234651
     0.110158
     0.375892
     0.169319
    0.0772469
    0.0611655
     0.159254
     0.162020
     0.441516
     0.224234
    0.0556645
    0.0477422
     0.134054
     0.311067
     0.959779
      1.00000
      1.00000
      1.00000
      1.00000
      1.00000
      1.00000
      1.00000
      1.00000
     0.286011
    0.0583464
    0.0285159
     0.295573
   0.00491868
  0.000165551
  5.18399e-05
      1.00000
      1.00000
      1.00000
      1.00000
      1.00000
      1.00000
      1.00000
      1.00000
      1.00000
   0.00851929
     0.135449
  0.000271700
     0.133871
     0.390625
     0.235581
     0.197328
     0.122979
     0.697225
      1.00000
      1.00000
      1.00000
      1.00000
      1.00000
      1.00000
      1.00000
      1.00000
      1.00000
      1.00000
      1.00000
      1.00000
      1.00000
      1.00000
      1.00000
      1.00000
      1.00000
      1.00000
      1.00000
      1.00000
      1.00000
      1.00000
      1.00000
      1.00000
      1.00000
     0.676726
     0.581762
     0.384834
     0.507466
      1.00000
      1.00000
    0.0233937
     0.118176
   0.00249500
   0.00931868
    0.0394949
  4.37803e-05
   0.00402802
     0.251971
     0.675629
    0.0859272
    0.0728370
     0.441339
      1.00000
      1.00000
     0.986777
     0.238063
     0.568415
     0.982973
     0.785085
      1.00000
      1.00000
      1.00000
      1.00000
      1.00000
      1.00000
      1.00000
      1.00000
      1.00000
      1.00000
     0.850207
   0.00595727
    0.0924768
     0.288584
     0.307933
     0.269136
     0.723294
      1.00000
      1.00000
      1.00000
     0.888306
     0.251452
     0.111233
     0.186020
    0.0611820
   0.00166600
   0.00194040
   0.00946729
    0.0597069
     0.294469
     0.787183
      1.00000
     0.312108
     0.326574
      1.00000
      1.00000
      1.00000
      1.00000
      1.00000
      1.00000
      1.00000
      1.00000
      1.00000
      1.00000
      1.00000
      1.00000
      1.00000
      1.00000
      1.00000
      1.00000
      1.00000
      1.00000
      1.00000
      1.00000
      1.00000
      1.00000
      1.00000
      1.00000
      1.00000
      1.00000
      1.00000
     0.596859
     0.669288
     0.264676
     0.727751
    0.0463756
   0.00382955
   0.00655290
   0.00327375
   0.00192575
  0.000423674
    0.0155293
     0.189559
      1.00000
      1.00000
     0.195290
     0.582296
      1.00000
      1.00000
      1.00000
     0.255834
      1.00000
     0.898736
      1.00000
      1.00000
      1.00000
      1.00000
      1.00000
      1.00000
      1.00000
      1.00000
      1.00000
      1.00000
      1.00000
      1.00000
     0.704285
     0.805745
      1.00000
     0.921536
     0.358063
     0.109153
    0.0287133
     0.570075
     0.782193
     0.325489
    0.0281177
  1.24845e-05
  0.000711111
   0.00942841
   0.00669397
    0.0553504
    0.0949770
    0.0621422
    0.0973024
     0.214925
     0.631787
     0.940932
      1.00000
      1.00000
      1.00000
      1.00000
      1.00000
      1.00000
      1.00000
      1.00000
      1.00000
      1.00000
      1.00000
      1.00000
      1.00000
      1.00000
      1.00000
      1.00000
      1.00000
      1.00000
      1.00000
      1.00000
      1.00000
      1.00000
      1.00000
      1.00000
      1.00000
      1.00000
      1.00000
      1.00000
      1.00000
     0.762158
    0.0297562
    0.0379600
     0.137802
     0.357365
     0.121894
    0.0235622
    0.0180902
    0.0203110
    0.0845550
     0.357983
      1.00000
      1.00000
      1.00000
      1.00000
      1.00000
      1.00000
      1.00000
     0.613977
      1.00000
     0.403903
     0.376444
      1.00000
      1.00000
      1.00000
      1.00000
      1.00000
      1.00000
      1.00000
      1.00000
      1.00000
      1.00000
      1.00000
      1.00000
      1.00000
      1.00000
      1.00000
     0.584919
     0.148392
      1.00000
     0.468540
     0.395075
     0.583696
     0.154632
  0.000919100
    0.0760289
    0.0483047
    0.0305084
  0.000457247
     0.123119
     0.489020
      1.00000
      1.00000
      1.00000
      1.00000
      1.00000
      1.00000
      1.00000
      1.00000
      1.00000
      1.00000
      1.00000
      1.00000
      1.00000
      1.00000
      1.00000
      1.00000
      1.00000
      1.00000
      1.00000
      1.00000
      1.00000
      1.00000
      1.00000
      1.00000
      1.00000
      1.00000
      1.00000
      1.00000
      1.00000
      1.00000
      1.00000
      1.00000
      1.00000
      1.00000
  0.000615040
     0.224297
      1.00000
      1.00000
      1.00000
     0.188284
    0.0429871
     0.198708
      1.00000
      1.00000
      1.00000
      1.00000
      1.00000
      1.00000
      1.00000
      1.00000
      1.00000
      1.00000
      1.00000
      1.00000
      1.00000
      1.00000
      1.00000
      1.00000
      1.00000
      1.00000
      1.00000
      1.00000
      1.00000
      1.00000
      1.00000
      1.00000
      1.00000
      1.00000
      1.00000
      1.00000
      1.00000
    0.0314885
     0.437384
     0.520057
     0.342420
     0.468632
    0.0367169
    0.0444296
     0.399487
     0.151905
    0.0179917
   0.00343396
    0.0620259
     0.767902
      1.00000
      1.00000
      1.00000
      1.00000
      1.00000
      1.00000
      1.00000
      1.00000
      1.00000
      1.00000
      1.00000
      1.00000
      1.00000
      1.00000
      1.00000
      1.00000
      1.00000
      1.00000
      1.00000
      1.00000
      1.00000
      1.00000
      1.00000
      1.00000
      1.00000
      1.00000
      1.00000
      1.00000
      1.00000
      1.00000
      1.00000
      1.00000
      1.00000
      1.00000
  0.000729000
     0.192589
      1.00000
      1.00000
      1.00000
      1.00000
     0.114334
     0.283840
     0.641414
      1.00000
     0.195452
     0.426670
     0.383140
      1.00000
      1.00000
      1.00000
      1.00000
      1.00000
      1.00000
      1.00000
      1.00000
      1.00000
      1.00000
      1.00000
      1.00000
      1.00000
      1.00000
      1.00000
      1.00000
      1.00000
      1.00000
      1.00000
      1.00000
      1.00000
      1.00000
      1.00000
      1.00000
      1.00000
      1.00000
      1.00000
     0.988036
     0.116520
     0.130056
    0.0767659
   0.00830832
   0.00833569
    0.0716990
     0.100827
     0.328119
     0.983833
      1.00000
      1.00000
     0.692612
      1.00000
      1.00000
      1.00000
      1.00000
      1.00000
      1.00000
      1.00000
      1.00000
      1.00000
      1.00000
      1.00000
      1.00000
      1.00000
      1.00000
      1.00000
      1.00000
      1.00000
      1.00000
      1.00000
      1.00000
      1.00000
      1.00000
      1.00000
      1.00000
      1.00000
      1.00000
      1.00000
      1.00000
      1.00000
      1.00000
      1.00000
    0.0186641
     0.256694
      1.00000
      1.00000
      1.00000
      1.00000
     0.620051
    0.0403206
    0.0116676
    0.0276114
    0.0432224
    0.0538936
    0.0275837
  0.000109551
   0.00225150
     0.423649
      1.00000
      1.00000
      1.00000
      1.00000
      1.00000
      1.00000
      1.00000
      1.00000
      1.00000
      1.00000
      1.00000
      1.00000
      1.00000
      1.00000
      1.00000
      1.00000
      1.00000
      1.00000
      1.00000
      1.00000
      1.00000
      1.00000
      1.00000
      1.00000
     0.171672
   0.00375361
    0.0231648
    0.0412361
    0.0140581
   0.00111890
    0.0225450
     0.144451
      1.00000
      1.00000
      1.00000
      1.00000
     0.729344
     0.771147
      1.00000
      1.00000
      1.00000
      1.00000
      1.00000
      1.00000
      1.00000
      1.00000
      1.00000
      1.00000
      1.00000
      1.00000
      1.00000
      1.00000
      1.00000
      1.00000
      1.00000
      1.00000
      1.00000
      1.00000
      1.00000
      1.00000
      1.00000
      1.00000
      1.00000
      1.00000
      1.00000
      1.00000
      1.00000
      1.00000
    0.0923957
     0.230672
      1.00000
      1.00000
      1.00000
      1.00000
     0.457675
   0.00101548
     0.642723
     0.339112
   0.00867071
   0.00859020
    0.0297965
     0.618399
      1.00000
      1.00000
      1.00000
      1.00000
      1.00000
      1.00000
      1.00000
      1.00000
      1.00000
      1.00000
      1.00000
      1.00000
      1.00000
      1.00000
      1.00000
      1.00000
      1.00000
      1.00000
      1.00000
      1.00000
      1.00000
      1.00000
      1.00000
      1.00000
      1.00000
      1.00000
     0.780808
    0.0192978
     0.183741
    0.0568823
    0.0475749
   0.00269361
  0.000568028
    0.0473135
      1.00000
      1.00000
      1.00000
     0.890004
     0.250817
     0.272588
     0.521260
      1.00000
      1.00000
      1.00000
      1.00000
      1.00000
      1.00000
      1.00000
      1.00000
      1.00000
      1.00000
      1.00000
      1.00000
      1.00000
      1.00000
      1.00000
      1.00000
      1.00000
      1.00000
      1.00000
      1.00000
      1.00000
      1.00000
      1.00000
      1.00000
      1.00000
      1.00000
      1.00000
      1.00000
      1.00000
     0.473917
      1.00000
      1.00000
      1.00000
      1.00000
      1.00000
    0.0944026
    0.0262386
     0.104168
   0.00663682
    0.0474514
     0.137480
     0.910561
      1.00000
      1.00000
      1.00000
      1.00000
      1.00000
      1.00000
      1.00000
      1.00000
      1.00000
      1.00000
      1.00000
      1.00000
      1.00000
      1.00000
      1.00000
      1.00000
      1.00000
      1.00000
      1.00000
      1.00000
      1.00000
      1.00000
      1.00000
      1.00000
      1.00000
      1.00000
      1.00000
      1.00000
  0.000791484
     0.146268
     0.139428
    0.0378238
   0.00850084
   0.00394175
    0.0146531
    0.0707117
     0.265843
     0.705040
      1.00000
     0.871422
     0.489837
     0.316444
      1.00000
      1.00000
      1.00000
      1.00000
      1.00000
      1.00000
      1.00000
      1.00000
      1.00000
      1.00000
      1.00000
      1.00000
      1.00000
      1.00000
      1.00000
      1.00000
      1.00000
      1.00000
      1.00000
      1.00000
      1.00000
      1.00000
      1.00000
      1.00000
      1.00000
      1.00000
      1.00000
      1.00000
      1.00000
     0.205375
      1.00000
      1.00000
      1.00000
      1.00000
     0.360520
   0.00517920
   0.00708403
    0.0300040
  0.000578403
    0.0596174
  0.000804668
   0.00490467
     0.263614
     0.350227
    0.0600005
     0.688374
     0.123881
     0.589670
      1.00000
      1.00000
      1.00000
      1.00000
      1.00000
      1.00000
      1.00000
      1.00000
      1.00000
      1.00000
      1.00000
      1.00000
      1.00000
      1.00000
      1.00000
      1.00000
      1.00000
      1.00000
      1.00000
      1.00000
      1.00000
      1.00000
    0.0960380
    0.0566519
    0.0197122
    0.0414529
     0.286760
     0.133116
     0.277062
     0.313581
     0.247539
     0.814627
      1.00000
      1.00000
     0.843887
      1.00000
     0.600393
      1.00000
      1.00000
      1.00000
      1.00000
      1.00000
      1.00000
      1.00000
      1.00000
      1.00000
      1.00000
      1.00000
      1.00000
      1.00000
      1.00000
      1.00000
      1.00000
      1.00000
      1.00000
      1.00000
      1.00000
      1.00000
      1.00000
      1.00000
      1.00000
      1.00000
      1.00000
      1.00000
     0.567637
     0.469682
      1.00000
      1.00000
      1.00000
   0.00752845
   0.00338530
   0.00727325
    0.0646600
    0.0760656
  2.17777e-07
    0.0649570
   0.00420120
    0.0483853
   0.00232645
    0.0527927
     0.738196
      1.00000
      1.00000
      1.00000
      1.00000
      1.00000
      1.00000
      1.00000
      1.00000
      1.00000
     0.946891
      1.00000
      1.00000
      1.00000
      1.00000
      1.00000
      1.00000
      1.00000
      1.00000
      1.00000
      1.00000
      1.00000
      1.00000
      1.00000
      1.00000
      1.00000
      1.00000
      1.00000
      1.00000
      1.00000
      1.00000
      1.00000
      1.00000
      1.00000
      1.00000
      1.00000
      1.00000
      1.00000
      1.00000
      1.00000
      1.00000
     0.564552
     0.835152
      1.00000
      1.00000
      1.00000
      1.00000
      1.00000
      1.00000
      1.00000
      1.00000
      1.00000
      1.00000
      1.00000
      1.00000
      1.00000
      1.00000
      1.00000
      1.00000
      1.00000
      1.00000
      1.00000
      1.00000
      1.00000
      1.00000
      1.00000
      1.00000
      1.00000
     0.855224
     0.467446
      1.00000
      1.00000
     0.263785
     0.491354
     0.244118
     0.126617
    0.0220919
    0.0196000
   0.00486739
   0.00993012
    0.0121073
   0.00400478
  2.40249e-06
   0.00316781
     0.667407
      1.00000
      1.00000
      1.00000
      1.00000
      1.00000
      1.00000
      1.00000
      1.00000
     0.651195
      1.00000
      1.00000
     0.615493
     0.628452
      1.00000
      1.00000
      1.00000
      1.00000
      1.00000
      1.00000
      1.00000
      1.00000
      1.00000
      1.00000
      1.00000
      1.00000
      1.00000
      1.00000
      1.00000
      1.00000
      1.00000
      1.00000
      1.00000
      1.00000
      1.00000
      1.00000
      1.00000
      1.00000
      1.00000
      1.00000
      1.00000
     0.690339
     0.530469
      1.00000
      1.00000
      1.00000
      1.00000
      1.00000
      1.00000
      1.00000
      1.00000
      1.00000
      1.00000
      1.00000
      1.00000
      1.00000
      1.00000
      1.00000
      1.00000
      1.00000
      1.00000
      1.00000
      1.00000
      1.00000
      1.00000
      1.00000
     0.966551
     0.633642
     0.349892
    0.0193349
     0.726103
     0.467765
      1.00000
      1.00000
     0.706356
     0.286154
    0.0530611
    0.0208851
     0.846155
     0.193365
    0.0250694
    0.0395745
  0.000676867
     0.227704
     0.415058
     0.690395
      1.00000
      1.00000
      1.00000
      1.00000
      1.00000
      1.00000
      1.00000
     0.199898
     0.434984
     0.694861
     0.262417
     0.212475
     0.750014
      1.00000
      1.00000
      1.00000
      1.00000
      1.00000
      1.00000
      1.00000
      1.00000
      1.00000
      1.00000
      1.00000
      1.00000
      1.00000
      1.00000
      1.00000
      1.00000
      1.00000
      1.00000
      1.00000
      1.00000
      1.00000
      1.00000
      1.00000
      1.00000
      1.00000
      1.00000
      1.00000
     0.680350
      1.00000
      1.00000
      1.00000
      1.00000
      1.00000
      1.00000
      1.00000
      1.00000
      1.00000
      1.00000
      1.00000
      1.00000
      1.00000
      1.00000
      1.00000
      1.00000
      1.00000
      1.00000
      1.00000
      1.00000
      1.00000
      1.00000
      1.00000
      1.00000
     0.874692
     0.415681
  0.000140028
    0.0128747
      1.00000
      1.00000
     0.776014
     0.264573
    0.0953780
  1.24695e-06
     0.630807
      1.00000
      1.00000
   0.00855933
    0.0319277
     0.229872
     0.243871
     0.204078
     0.512871
      1.00000
      1.00000
      1.00000
      1.00000
      1.00000
      1.00000
     0.496837
    0.0802872
     0.180639
    0.0761852
     0.133176
     0.221010
     0.535190
      1.00000
      1.00000
      1.00000
      1.00000
      1.00000
      1.00000
      1.00000
      1.00000
      1.00000
      1.00000
      1.00000
      1.00000
      1.00000
      1.00000
      1.00000
      1.00000
      1.00000
      1.00000
      1.00000
      1.00000
      1.00000
      1.00000
      1.00000
      1.00000
      1.00000
      1.00000
      1.00000
      1.00000
      1.00000
      1.00000
      1.00000
      1.00000
      1.00000
      1.00000
      1.00000
      1.00000
      1.00000
      1.00000
      1.00000
      1.00000
      1.00000
      1.00000
      1.00000
      1.00000
      1.00000
      1.00000
      1.00000
      1.00000
      1.00000
      1.00000
      1.00000
      1.00000
      1.00000
     0.524683
    0.0541493
     0.290449
      1.00000
      1.00000
      1.00000
      1.00000
      1.00000
     0.191027
     0.123646
      1.00000
      1.00000
     0.369948
    0.0217513
   0.00660969
    0.0394420
     0.682304
      1.00000
      1.00000
     0.842663
     0.694056
     0.403310
     0.304134
     0.304428
     0.154200
      1.00000
     0.735163
    0.0590085
     0.340511
      1.00000
     0.212260
     0.504526
      1.00000
     0.794683
     0.101304
     0.206858
     0.565028
  0.000511514
    0.0906211
     0.109252
     0.479487
      1.00000
      1.00000
      1.00000
      1.00000
      1.00000
      1.00000
      1.00000
      1.00000
      1.00000
      1.00000
      1.00000
      1.00000
      1.00000
      1.00000
      1.00000
      1.00000
      1.00000
      1.00000
      1.00000
      1.00000
      1.00000
      1.00000
      1.00000
      1.00000
      1.00000
      1.00000
      1.00000
      1.00000
      1.00000
      1.00000
      1.00000
      1.00000
      1.00000
      1.00000
      1.00000
      1.00000
      1.00000
      1.00000
      1.00000
      1.00000
      1.00000
      1.00000
     0.880407
     0.122593
     0.142670
     0.116292
    0.0842354
     0.491378
      1.00000
      1.00000
      1.00000
      1.00000
     0.666400
    0.0434653
   0.00193453
    0.0308763
  1.68100e-05
  9.15211e-05
    0.0437507
      1.00000
      1.00000
     0.901044
     0.101050
     0.235338
     0.546047
     0.663112
    0.0296127
      1.00000
      1.00000
      1.00000
      1.00000
     0.401829
     0.122652
    0.0501387
     0.296172
     0.542481
      1.00000
      1.00000
      1.00000
      1.00000
      1.00000
      1.00000
      1.00000
      1.00000
      1.00000
      1.00000
      1.00000
   0.00163216
      1.00000
      1.00000
      1.00000
      1.00000
      1.00000
      1.00000
      1.00000
      1.00000
      1.00000
      1.00000
      1.00000
      1.00000
      1.00000
      1.00000
      1.00000
      1.00000
      1.00000
      1.00000
      1.00000
      1.00000
      1.00000
      1.00000
      1.00000
      1.00000
      1.00000
      1.00000
      1.00000
      1.00000
      1.00000
      1.00000
      1.00000
      1.00000
      1.00000
      1.00000
      1.00000
     0.508940
     0.397446
     0.352618
     0.123892
   0.00347314
     0.166641
  0.000544444
   0.00241900
   0.00988036
    0.0347201
     0.196028
      1.00000
      1.00000
     0.507989
     0.121592
    0.0421549
    0.0170129
   0.00928011
    0.0283025
  0.000731703
     0.400394
     0.499755
    0.0186550
    0.0227205
      1.00000
      1.00000
     0.852575
    0.0984286
      1.00000
      1.00000
      1.00000
     0.789788
      1.00000
      1.00000
      1.00000
      1.00000
      1.00000
      1.00000
      1.00000
      1.00000
      1.00000
      1.00000
      1.00000
      1.00000
      1.00000
      1.00000
      1.00000
      1.00000
      1.00000
      1.00000
    0.0162903
     0.192063
      1.00000
      1.00000
      1.00000
      1.00000
      1.00000
      1.00000
      1.00000
      1.00000
      1.00000
      1.00000
      1.00000
      1.00000
      1.00000
      1.00000
      1.00000
      1.00000
      1.00000
      1.00000
      1.00000
      1.00000
      1.00000
      1.00000
      1.00000
      1.00000
      1.00000
      1.00000
      1.00000
      1.00000
      1.00000
      1.00000
      1.00000
      1.00000
      1.00000
     0.236261
     0.359980
     0.552544
     0.374320
      1.00000
     0.261325
    0.0251275
  0.000572804
  0.000252280
  0.000864360
    0.0540873
     0.271702
    0.0963688
    0.0849237
    0.0580087
   0.00501972
  0.000525174
   0.00228962
   0.00487670
    0.0606637
     0.201631
     0.290467
     0.236358
    0.0126825
     0.129972
     0.891640
      1.00000
      1.00000
      1.00000
     0.516913
     0.272484
      1.00000
      1.00000
      1.00000
      1.00000
      1.00000
      1.00000
      1.00000
      1.00000
      1.00000
      1.00000
      1.00000
      1.00000
      1.00000
      1.00000
      1.00000
      1.00000
      1.00000
      1.00000
      1.00000
      1.00000
     0.629880
     0.116020
      1.00000
      1.00000
      1.00000
      1.00000
      1.00000
      1.00000
      1.00000
      1.00000
      1.00000
      1.00000
      1.00000
      1.00000
      1.00000
      1.00000
      1.00000
      1.00000
      1.00000
      1.00000
      1.00000
      1.00000
      1.00000
      1.00000
      1.00000
      1.00000
      1.00000
      1.00000
      1.00000
      1.00000
      1.00000
      1.00000
      1.00000
      1.00000
      1.00000
      1.00000
      1.00000
    0.0623251
     0.123634
    0.0850111
     0.108142
     0.464510
     0.499566
  5.16003e-05
     0.296825
    0.0810351
    0.0170912
   0.00166872
     0.132581
    0.0829344
    0.0101204
   0.00628585
    0.0285835
     0.173875
     0.940609
     0.607360
     0.299519
     0.168319
      1.00000
      1.00000
      1.00000
      1.00000
      1.00000
      1.00000
      1.00000
      1.00000
      1.00000
      1.00000
      1.00000
      1.00000
      1.00000
      1.00000
      1.00000
      1.00000
      1.00000
      1.00000
      1.00000
      1.00000
      1.00000
      1.00000
      1.00000
      1.00000
      1.00000
      1.00000
      1.00000
      1.00000
   0.00912344
      1.00000
      1.00000
      1.00000
      1.00000
      1.00000
      1.00000
      1.00000
      1.00000
      1.00000
      1.00000
      1.00000
      1.00000
      1.00000
      1.00000
      1.00000
      1.00000
      1.00000
      1.00000
      1.00000
      1.00000
      1.00000
      1.00000
      1.00000
      1.00000
      1.00000
      1.00000
      1.00000
      1.00000
      1.00000
      1.00000
      1.00000
      1.00000
      1.00000
      1.00000
   0.00734735
     0.183041
     0.538340
      1.00000
      1.00000
      1.00000
      1.00000
    0.0277389
     0.171769
    0.0584834
     0.833752
      1.00000
     0.566231
     0.180639
     0.100574
    0.0130454
     0.233128
     0.774693
     0.232838
     0.431058
     0.419515
     0.911770
      1.00000
      1.00000
      1.00000
      1.00000
      1.00000
      1.00000
      1.00000
      1.00000
      1.00000
      1.00000
      1.00000
      1.00000
      1.00000
      1.00000
      1.00000
      1.00000
      1.00000
      1.00000
      1.00000
      1.00000
      1.00000
      1.00000
      1.00000
      1.00000
      1.00000
      1.00000
      1.00000
      1.00000
      1.00000
     0.172737
      1.00000
      1.00000
      1.00000
      1.00000
      1.00000
      1.00000
      1.00000
      1.00000
      1.00000
      1.00000
      1.00000
      1.00000
      1.00000
      1.00000
      1.00000
      1.00000
      1.00000
      1.00000
      1.00000
      1.00000
      1.00000
      1.00000
      1.00000
      1.00000
      1.00000
      1.00000
      1.00000
      1.00000
      1.00000
      1.00000
      1.00000
      1.00000
     0.197032
      1.00000
      1.00000
      1.00000
      1.00000
      1.00000
      1.00000
    0.0235776
   0.00113008
   0.00149382
     0.463194
    0.0186368
   0.00671853
    0.0283025
    0.0837620
    0.0698016
      1.00000
      1.00000
     0.665475
     0.823798
      1.00000
      1.00000
      1.00000
      1.00000
      1.00000
      1.00000
      1.00000
      1.00000
      1.00000
      1.00000
      1.00000
      1.00000
      1.00000
      1.00000
      1.00000
      1.00000
      1.00000
      1.00000
      1.00000
      1.00000
      1.00000
      1.00000
      1.00000
      1.00000
      1.00000
      1.00000
      1.00000
      1.00000
      1.00000
      1.00000
      1.00000
      1.00000
      1.00000
      1.00000
    0.0724507
      1.00000
      1.00000
      1.00000
      1.00000
      1.00000
      1.00000
      1.00000
      1.00000
      1.00000
      1.00000
      1.00000
      1.00000
      1.00000
      1.00000
      1.00000
      1.00000
      1.00000
      1.00000
      1.00000
      1.00000
      1.00000
      1.00000
      1.00000
      1.00000
      1.00000
      1.00000
      1.00000
      1.00000
      1.00000
      1.00000
      1.00000
      1.00000
      1.00000
      1.00000
      1.00000
      1.00000
    0.0236698
   0.00293764
  0.000745290
  3.48101e-05
     0.335338
    0.0761116
     0.156961
     0.370982
     0.203386
      1.00000
      1.00000
     0.613298
     0.842571
      1.00000
      1.00000
      1.00000
      1.00000
      1.00000
      1.00000
      1.00000
      1.00000
      1.00000
      1.00000
      1.00000
      1.00000
      1.00000
      1.00000
      1.00000
      1.00000
      1.00000
      1.00000
      1.00000
      1.00000
      1.00000
      1.00000
      1.00000
      1.00000
      1.00000
      1.00000
      1.00000
      1.00000
      1.00000
      1.00000
      1.00000
      1.00000
      1.00000
      1.00000
      1.00000
     0.259692
      1.00000
      1.00000
      1.00000
      1.00000
      1.00000
      1.00000
      1.00000
      1.00000
      1.00000
      1.00000
      1.00000
      1.00000
      1.00000
      1.00000
      1.00000
      1.00000
      1.00000
      1.00000
      1.00000
      1.00000
      1.00000
      1.00000
      1.00000
      1.00000
      1.00000
      1.00000
      1.00000
      1.00000
      1.00000
      1.00000
     0.324027
     0.491331
     0.920384
     0.979473
    0.0729450
    0.0249482
   0.00269880
  0.000321604
    0.0764707
     0.653753
    0.0810920
    0.0889630
     0.453804
     0.467810
     0.891860
     0.940092
      1.00000
      1.00000
      1.00000
      1.00000
      1.00000
      1.00000
      1.00000
      1.00000
      1.00000
      1.00000
      1.00000
      1.00000
      1.00000
      1.00000
      1.00000
      1.00000
      1.00000
      1.00000
      1.00000
      1.00000
      1.00000
      1.00000
      1.00000
      1.00000
      1.00000
      1.00000
      1.00000
      1.00000
      1.00000
      1.00000
      1.00000
      1.00000
      1.00000
      1.00000
      1.00000
      1.00000
      1.00000
      1.00000
     0.794059
     0.750389
      1.00000
      1.00000
      1.00000
      1.00000
      1.00000
      1.00000
      1.00000
      1.00000
      1.00000
      1.00000
      1.00000
      1.00000
      1.00000
      1.00000
      1.00000
      1.00000
      1.00000
      1.00000
      1.00000
      1.00000
      1.00000
      1.00000
      1.00000
      1.00000
      1.00000
      1.00000
      1.00000
     0.106287
    0.0478661
     0.199749
     0.737251
     0.414114
    0.0480998
    0.0266669
    0.0366786
     0.113255
     0.289892
     0.980859
     0.168168
    0.0755334
     0.167281
     0.364152
      1.00000
     0.908209
      1.00000
      1.00000
      1.00000
      1.00000
      1.00000
      1.00000
      1.00000
      1.00000
      1.00000
      1.00000
      1.00000
      1.00000
      1.00000
      1.00000
      1.00000
      1.00000
      1.00000
      1.00000
      1.00000
      1.00000
      1.00000
      1.00000
      1.00000
      1.00000
      1.00000
      1.00000
      1.00000
      1.00000
      1.00000
      1.00000
      1.00000
      1.00000
      1.00000
      1.00000
      1.00000
      1.00000
      1.00000
      1.00000
      1.00000
     0.207799
      1.00000
      1.00000
      1.00000
      1.00000
      1.00000
      1.00000
      1.00000
      1.00000
      1.00000
      1.00000
      1.00000
      1.00000
      1.00000
      1.00000
      1.00000
      1.00000
      1.00000
      1.00000
      1.00000
      1.00000
      1.00000
     0.662243
    0.0508427
      1.00000
      1.00000
      1.00000
    0.0365320
  0.000907014
   0.00221527
    0.0107468
    0.0447252
    0.0296356
  2.02500e-05
    0.0208417
    0.0105062
    0.0222606
   0.00562500
    0.0181845
    0.0983763
     0.145924
     0.268963
      1.00000
      1.00000
      1.00000
      1.00000
      1.00000
      1.00000
      1.00000
      1.00000
      1.00000
      1.00000
      1.00000
      1.00000
      1.00000
      1.00000
      1.00000
      1.00000
      1.00000
      1.00000
      1.00000
      1.00000
      1.00000
      1.00000
      1.00000
      1.00000
      1.00000
      1.00000
      1.00000
      1.00000
      1.00000
      1.00000
      1.00000
      1.00000
      1.00000
      1.00000
      1.00000
      1.00000
      1.00000
      1.00000
      1.00000
      1.00000
      1.00000
      1.00000
     0.726927
     0.494045
      1.00000
      1.00000
      1.00000
      1.00000
      1.00000
      1.00000
      1.00000
      1.00000
      1.00000
      1.00000
      1.00000
      1.00000
      1.00000
      1.00000
      1.00000
      1.00000
      1.00000
      1.00000
     0.156869
      1.00000
      1.00000
      1.00000
    0.0354506
     0.231666
    0.0321604
     0.208423
  5.90336e-05
   0.00112002
  0.000180454
    0.0212771
   0.00299574
   0.00915530
    0.0222507
   0.00773813
    0.0568187
   0.00305256
    0.0660319
     0.380237
     0.460769
     0.665040
      1.00000
      1.00000
      1.00000
      1.00000
      1.00000
      1.00000
      1.00000
      1.00000
      1.00000
      1.00000
      1.00000
      1.00000
      1.00000
      1.00000
      1.00000
      1.00000
      1.00000
      1.00000
      1.00000
      1.00000
      1.00000
      1.00000
      1.00000
      1.00000
      1.00000
      1.00000
      1.00000
      1.00000
      1.00000
      1.00000
      1.00000
      1.00000
      1.00000
      1.00000
      1.00000
      1.00000
      1.00000
      1.00000
      1.00000
      1.00000
      1.00000
      1.00000
      1.00000
      1.00000
    0.0306892
      1.00000
      1.00000
      1.00000
      1.00000
      1.00000
      1.00000
      1.00000
      1.00000
      1.00000
      1.00000
      1.00000
      1.00000
      1.00000
      1.00000
      1.00000
      1.00000
    0.0656555
      1.00000
      1.00000
      1.00000
      1.00000
     0.114075
    0.0221414
    0.0184145
     0.117546
   0.00491167
  0.000375068
  0.000715562
  0.000601067
   0.00422933
   0.00185330
    0.0280395
    0.0106434
  6.32025e-05
   0.00546367
     0.178619
     0.818452
     0.528190
     0.516003
      1.00000
      1.00000
      1.00000
      1.00000
      1.00000
      1.00000
      1.00000
      1.00000
      1.00000
      1.00000
      1.00000
      1.00000
      1.00000
      1.00000
      1.00000
      1.00000
      1.00000
      1.00000
      1.00000
      1.00000
      1.00000
      1.00000
      1.00000
      1.00000
      1.00000
      1.00000
      1.00000
      1.00000
      1.00000
      1.00000
      1.00000
      1.00000
      1.00000
      1.00000
      1.00000
      1.00000
      1.00000
      1.00000
      1.00000
      1.00000
      1.00000
      1.00000
      1.00000
      1.00000
     0.833234
  1.58669e-05
     0.424974
      1.00000
      1.00000
      1.00000
      1.00000
      1.00000
      1.00000
      1.00000
      1.00000
      1.00000
      1.00000
      1.00000
      1.00000
      1.00000
      1.00000
      1.00000
      1.00000
      1.00000
      1.00000
      1.00000
     0.412057
    0.0872710
    0.0262818
     0.239578
    0.0579686
  0.000846810
   0.00420985
  0.000169000
    0.0122988
    0.0169260
   0.00494678
  0.000124322
    0.0271755
    0.0414394
    0.0805992
     0.216970
     0.629827
     0.781780
      1.00000
      1.00000
      1.00000
      1.00000
      1.00000
      1.00000
      1.00000
      1.00000
      1.00000
      1.00000
      1.00000
      1.00000
      1.00000
      1.00000
      1.00000
      1.00000
      1.00000
      1.00000
      1.00000
      1.00000
      1.00000
      1.00000
      1.00000
      1.00000
      1.00000
      1.00000
      1.00000
      1.00000
      1.00000
      1.00000
      1.00000
      1.00000
      1.00000
      1.00000
      1.00000
      1.00000
      1.00000
      1.00000
      1.00000
      1.00000
      1.00000
      1.00000
      1.00000
     0.762711
    0.0795898
     0.411479
     0.242441
     0.359280
      1.00000
      1.00000
      1.00000
      1.00000
      1.00000
      1.00000
      1.00000
      1.00000
      1.00000
      1.00000
      1.00000
      1.00000
     0.798253
    0.0571369
     0.740001
      1.00000
      1.00000
      1.00000
     0.370577
     0.109043
     0.126013
      1.00000
     0.847566
    0.0172703
   0.00187056
   0.00237494
    0.0248903
     0.494326
    0.0655189
   0.00344178
    0.0550606
     0.292266
     0.563625
     0.933897
      1.00000
      1.00000
      1.00000
      1.00000
      1.00000
      1.00000
      1.00000
      1.00000
      1.00000
      1.00000
      1.00000
      1.00000
      1.00000
      1.00000
      1.00000
      1.00000
      1.00000
      1.00000
      1.00000
      1.00000
      1.00000
      1.00000
      1.00000
      1.00000
      1.00000
      1.00000
      1.00000
      1.00000
      1.00000
      1.00000
      1.00000
      1.00000
      1.00000
      1.00000
      1.00000
      1.00000
      1.00000
      1.00000
      1.00000
      1.00000
      1.00000
      1.00000
      1.00000
      1.00000
      1.00000
      1.00000
  0.000189980
      1.00000
     0.654346
    0.0579044
     0.453490
      1.00000
      1.00000
      1.00000
      1.00000
      1.00000
      1.00000
      1.00000
      1.00000
     0.503414
  0.000465841
   0.00772348
    0.0799758
     0.154226
     0.218712
     0.309989
     0.368024
     0.320035
    0.0925478
    0.0389865
     0.134408
      1.00000
      1.00000
    0.0235571
   0.00359400
   0.00665856
   0.00201751
     0.351590
    0.0374294
  1.35669e-05
    0.0321903
     0.486762
      1.00000
      1.00000
      1.00000
      1.00000
      1.00000
      1.00000
      1.00000
      1.00000
      1.00000
      1.00000
      1.00000
      1.00000
      1.00000
      1.00000
      1.00000
      1.00000
      1.00000
      1.00000
      1.00000
      1.00000
      1.00000
      1.00000
      1.00000
      1.00000
      1.00000
      1.00000
      1.00000
      1.00000
      1.00000
      1.00000
      1.00000
      1.00000
      1.00000
      1.00000
      1.00000
      1.00000
      1.00000
      1.00000
      1.00000
      1.00000
      1.00000
      1.00000
      1.00000
      1.00000
      1.00000
      1.00000
      1.00000
      1.00000
      1.00000
      1.00000
      1.00000
     0.493670
    0.0136734
     0.202605
      1.00000
      1.00000
      1.00000
      1.00000
      1.00000
      1.00000
     0.568868
      1.00000
      1.00000
     0.397740
      1.00000
      1.00000
      1.00000
      1.00000
     0.748831
     0.214477
    0.0872316
     0.101145
     0.155670
      1.00000
      1.00000
    0.0701190
    0.0139831
    0.0232156
  0.000338560
   0.00523452
   0.00591874
   0.00578360
   0.00312854
    0.0986798
     0.310175
     0.279330
      1.00000
      1.00000
      1.00000
      1.00000
      1.00000
      1.00000
      1.00000
      1.00000
      1.00000
      1.00000
      1.00000
      1.00000
      1.00000
      1.00000
      1.00000
      1.00000
      1.00000
      1.00000
      1.00000
      1.00000
      1.00000
      1.00000
      1.00000
      1.00000
      1.00000
      1.00000
      1.00000
      1.00000
      1.00000
      1.00000
      1.00000
      1.00000
      1.00000
      1.00000
      1.00000
      1.00000
      1.00000
      1.00000
      1.00000
      1.00000
      1.00000
      1.00000
      1.00000
      1.00000
      1.00000
      1.00000
      1.00000
      1.00000
      1.00000
      1.00000
     0.553809
     0.462173
     0.307951
    0.0429664
    0.0280004
     0.345058
     0.136370
     0.175938
      1.00000
      1.00000
      1.00000
      1.00000
      1.00000
      1.00000
      1.00000
      1.00000
      1.00000
     0.583467
     0.208027
     0.168633
     0.271042
      1.00000
      1.00000
     0.230928
     0.161658
    0.0928827
  1.83469e-05
  1.65378e-05
  0.000222507
   0.00100172
   0.00230880
    0.0772469
    0.0751217
     0.141389
      1.00000
      1.00000
      1.00000
      1.00000
      1.00000
      1.00000
      1.00000
      1.00000
      1.00000
      1.00000
      1.00000
      1.00000
      1.00000
      1.00000
      1.00000
      1.00000
      1.00000
      1.00000
      1.00000
      1.00000
      1.00000
      1.00000
      1.00000
      1.00000
      1.00000
      1.00000
      1.00000
      1.00000
      1.00000
      1.00000
      1.00000
      1.00000
      1.00000
      1.00000
      1.00000
      1.00000
      1.00000
      1.00000
      1.00000
      1.00000
      1.00000
      1.00000
      1.00000
      1.00000
      1.00000
      1.00000
      1.00000
      1.00000
      1.00000
      1.00000
      1.00000
     0.788544
     0.834604
     0.490887
     0.377098
     0.361542
     0.902658
      1.00000
      1.00000
      1.00000
      1.00000
      1.00000
      1.00000
      1.00000
      1.00000
      1.00000
      1.00000
      1.00000
     0.743101
     0.177213
     0.143136
     0.127949
     0.671717
     0.228484
     0.884164
     0.324084
   0.00367438
  0.000618351
    0.0133826
   0.00356011
   0.00490000
     0.243937
     0.142104
     0.112571
     0.431321
      1.00000
      1.00000
      1.00000
      1.00000
      1.00000
      1.00000
      1.00000
      1.00000
      1.00000
      1.00000
      1.00000
      1.00000
      1.00000
      1.00000
      1.00000
      1.00000
      1.00000
      1.00000
      1.00000
      1.00000
      1.00000
      1.00000
      1.00000
      1.00000
      1.00000
      1.00000
      1.00000
      1.00000
      1.00000
      1.00000
      1.00000
      1.00000
      1.00000
      1.00000
      1.00000
      1.00000
      1.00000
      1.00000
      1.00000
      1.00000
      1.00000
     0.704872
      1.00000
      1.00000
      1.00000
      1.00000
      1.00000
      1.00000
      1.00000
      1.00000
      1.00000
      1.00000
    0.0432987
    0.0350438
      1.00000
      1.00000
      1.00000
      1.00000
      1.00000
      1.00000
      1.00000
      1.00000
      1.00000
      1.00000
      1.00000
      1.00000
      1.00000
      1.00000
     0.388669
     0.232726
   0.00691669
    0.0849334
    0.0591138
     0.118072
     0.145669
    0.0153884
  0.000429871
    0.0263683
  9.44136e-05
   0.00822044
    0.0517790
    0.0509405
     0.686854
      1.00000
      1.00000
      1.00000
      1.00000
      1.00000
      1.00000
      1.00000
      1.00000
      1.00000
      1.00000
      1.00000
      1.00000
      1.00000
      1.00000
      1.00000
      1.00000
      1.00000
      1.00000
      1.00000
      1.00000
      1.00000
      1.00000
      1.00000
      1.00000
      1.00000
      1.00000
      1.00000
      1.00000
      1.00000
      1.00000
      1.00000
      1.00000
      1.00000
      1.00000
      1.00000
      1.00000
      1.00000
      1.00000
      1.00000
      1.00000
      1.00000
      1.00000
      1.00000
     0.520562
      1.00000
      1.00000
      1.00000
      1.00000
      1.00000
      1.00000
      1.00000
     0.317082
     0.145988
     0.126037
    0.0645668
      1.00000
      1.00000
      1.00000
      1.00000
      1.00000
      1.00000
      1.00000
      1.00000
      1.00000
      1.00000
      1.00000
      1.00000
      1.00000
      1.00000
     0.747101
     0.450800
    0.0535151
     0.337890
     0.177157
     0.233386
    0.0919909
   0.00203702
  0.000114134
  0.000890028
   0.00646416
   0.00613611
   0.00582423
   0.00827493
     0.247390
      1.00000
      1.00000
      1.00000
      1.00000
      1.00000
      1.00000
      1.00000
      1.00000
      1.00000
      1.00000
      1.00000
      1.00000
      1.00000
      1.00000
      1.00000
      1.00000
      1.00000
      1.00000
      1.00000
      1.00000
      1.00000
      1.00000
      1.00000
      1.00000
      1.00000
      1.00000
     0.739256
      1.00000
      1.00000
      1.00000
      1.00000
      1.00000
      1.00000
      1.00000
      1.00000
      1.00000
      1.00000
      1.00000
      1.00000
      1.00000
      1.00000
      1.00000
      1.00000
     0.758583
      1.00000
      1.00000
      1.00000
      1.00000
      1.00000
      1.00000
      1.00000
  2.73878e-05
     0.891765
      1.00000
    0.0221960
      1.00000
      1.00000
      1.00000
      1.00000
      1.00000
      1.00000
      1.00000
      1.00000
     0.761634
      1.00000
      1.00000
      1.00000
      1.00000
      1.00000
      1.00000
     0.913108
    0.0398535
    0.0566916
    0.0217759
    0.0148393
  0.000403340
   0.00456525
   0.00512656
    0.0458816
    0.0293894
   0.00814506
    0.0106296
   0.00417101
    0.0182745
     0.242277
     0.592464
     0.345293
     0.285049
     0.523693
      1.00000
      1.00000
      1.00000
      1.00000
      1.00000
      1.00000
      1.00000
      1.00000
      1.00000
      1.00000
      1.00000
      1.00000
      1.00000
      1.00000
      1.00000
      1.00000
      1.00000
      1.00000
      1.00000
      1.00000
      1.00000
      1.00000
     0.471626
      1.00000
      1.00000
      1.00000
      1.00000
      1.00000
      1.00000
      1.00000
      1.00000
      1.00000
      1.00000
      1.00000
      1.00000
      1.00000
      1.00000
      1.00000
     0.928653
      1.00000
      1.00000
     0.304189
      1.00000
      1.00000
      1.00000
      1.00000
      1.00000
     0.140150
     0.147789
   0.00327184
    0.0851375
     0.334874
      1.00000
      1.00000
      1.00000
      1.00000
      1.00000
      1.00000
      1.00000
      1.00000
      1.00000
      1.00000
      1.00000
      1.00000
      1.00000
      1.00000
    0.0173625
   0.00646684
  0.000270602
  0.000501760
    0.0135024
    0.0444858
    0.0334037
    0.0762772
     0.335029
    0.0928522
   0.00414092
   0.00284089
   0.00628320
    0.0230382
    0.0688450
     0.154266
     0.426474
      1.00000
      1.00000
      1.00000
      1.00000
      1.00000
      1.00000
      1.00000
      1.00000
      1.00000
      1.00000
      1.00000
      1.00000
      1.00000
      1.00000
      1.00000
      1.00000
      1.00000
      1.00000
      1.00000
      1.00000
      1.00000
      1.00000
      1.00000
     0.435468
    0.0207264
     0.394991
      1.00000
      1.00000
      1.00000
      1.00000
      1.00000
      1.00000
      1.00000
      1.00000
      1.00000
     0.856180
     0.930292
      1.00000
      1.00000
      1.00000
      1.00000
      1.00000
      1.00000
      1.00000
      1.00000
      1.00000
      1.00000
      1.00000
     0.976177
   0.00520803
    0.0330512
  7.95070e-05
    0.0204061
     0.660481
      1.00000
      1.00000
      1.00000
      1.00000
      1.00000
      1.00000
      1.00000
      1.00000
      1.00000
      1.00000
      1.00000
      1.00000
      1.00000
    0.0228362
   0.00642135
    0.0104517
    0.0309936
    0.0800984
    0.0407838
    0.0439881
     0.116599
      1.00000
      1.00000
    0.0659976
    0.0311699
    0.0728010
    0.0205253
    0.0911738
     0.265792
     0.446603
      1.00000
      1.00000
      1.00000
      1.00000
      1.00000
      1.00000
      1.00000
      1.00000
      1.00000
      1.00000
      1.00000
      1.00000
      1.00000
      1.00000
      1.00000
      1.00000
      1.00000
      1.00000
      1.00000
      1.00000
      1.00000
      1.00000
      1.00000
     0.267530
   0.00114808
     0.136198
      1.00000
      1.00000
      1.00000
      1.00000
      1.00000
      1.00000
      1.00000
      1.00000
    0.0933302
     0.259183
      1.00000
      1.00000
      1.00000
      1.00000
      1.00000
      1.00000
      1.00000
      1.00000
      1.00000
      1.00000
     0.484996
     0.179719
    0.0122176
      1.00000
      1.00000
      1.00000
   0.00834482
      1.00000
      1.00000
      1.00000
      1.00000
      1.00000
      1.00000
      1.00000
      1.00000
      1.00000
      1.00000
      1.00000
      1.00000
      1.00000
      1.00000
   0.00640000
  2.41736e-05
   0.00787065
    0.0372426
    0.0615536
    0.0102212
     0.147200
      1.00000
      1.00000
      1.00000
    0.0556803
     0.191056
     0.611967
    0.0868776
    0.0449581
     0.290647
     0.375933
     0.466922
      1.00000
      1.00000
      1.00000
      1.00000
      1.00000
      1.00000
      1.00000
      1.00000
      1.00000
      1.00000
      1.00000
      1.00000
      1.00000
      1.00000
      1.00000
      1.00000
      1.00000
      1.00000
      1.00000
      1.00000
      1.00000
      1.00000
    0.0947921
   0.00210528
  0.000501760
      1.00000
      1.00000
      1.00000
      1.00000
      1.00000
      1.00000
      1.00000
      1.00000
     0.554801
    0.0132020
      1.00000
      1.00000
      1.00000
      1.00000
      1.00000
     0.120559
    0.0196934
   0.00181760
    0.0283810
     0.116224
     0.406406
     0.446046
     0.222187
      1.00000
      1.00000
     0.475203
     0.145542
      1.00000
      1.00000
      1.00000
      1.00000
      1.00000
     0.571939
      1.00000
      1.00000
      1.00000
      1.00000
      1.00000
      1.00000
      1.00000
      1.00000
   0.00329093
  4.42225e-05
   0.00100806
    0.0159854
    0.0448522
   0.00248835
   0.00445556
     0.567411
      1.00000
    0.0197871
    0.0186277
     0.162543
    0.0586770
    0.0281904
    0.0100067
    0.0367361
     0.272467
     0.849101
     0.712927
     0.750966
      1.00000
      1.00000
      1.00000
      1.00000
      1.00000
      1.00000
      1.00000
      1.00000
     0.670161
      1.00000
      1.00000
      1.00000
      1.00000
      1.00000
      1.00000
      1.00000
      1.00000
      1.00000
      1.00000
     0.762915
    0.0269179
   0.00290521
     0.257370
      1.00000
      1.00000
      1.00000
      1.00000
      1.00000
      1.00000
     0.499213
     0.262007
     0.256610
   0.00830832
    0.0175828
      1.00000
      1.00000
      1.00000
     0.344334
    0.0609431
     0.129180
     0.110989
     0.232147
     0.541794
     0.750389
      1.00000
     0.387776
      1.00000
    0.0510007
   0.00186768
    0.0110285
     0.593619
      1.00000
      1.00000
      1.00000
      1.00000
      1.00000
      1.00000
      1.00000
      1.00000
      1.00000
      1.00000
      1.00000
      1.00000
      1.00000
  2.55025e-05
  2.02501e-07
   0.00421634
    0.0102516
    0.0101707
  0.000556960
  0.000274454
  0.000648551
   0.00760675
    0.0291613
     0.245058
     0.757741
     0.104275
    0.0267541
    0.0202019
     0.124468
     0.538609
      1.00000
      1.00000
     0.677329
     0.521188
     0.379086
     0.288924
     0.111701
     0.325166
     0.389480
     0.487739
     0.703054
     0.139291
     0.686357
     0.310323
     0.558931
      1.00000
      1.00000
      1.00000
     0.699621
     0.705824
     0.756262
      1.00000
      1.00000
   0.00105842
    0.0723162
  0.000529000
     0.414028
      1.00000
     0.594801
     0.186048
     0.444511
     0.663003
     0.561126
     0.217560
    0.0735675
    0.0108438
    0.0369857
      1.00000
      1.00000
     0.385289
    0.0123321
    0.0128180
    0.0245601
    0.0519308
     0.119060
     0.333025
      1.00000
      1.00000
     0.108548
    0.0590247
     0.161845
    0.0716365
    0.0615453
     0.121232
      1.00000
      1.00000
      1.00000
      1.00000
      1.00000
      1.00000
      1.00000
      1.00000
      1.00000
     0.810450
     0.743561
     0.768866
     0.302427
   0.00662596
    0.0214818
    0.0291442
    0.0272085
    0.0158718
   0.00298116
   0.00701965
   0.00297388
  0.000306250
  0.000290703
     0.158006
      1.00000
     0.796437
   0.00547353
    0.0548731
    0.0207360
     0.347137
     0.446491
    0.0483120
   0.00262656
    0.0114062
    0.0528923
  0.000341634
  0.000444507
    0.0261792
     0.239643
     0.430030
     0.361021
    0.0594141
     0.501382
     0.664904
  0.000784934
     0.310305
     0.409792
      1.00000
     0.384917
     0.486320
     0.521525
      1.00000
      1.00000
   0.00257387
     0.614525
     0.269967
    0.0116676
     0.177873
    0.0850111
     0.135792
    0.0943821
     0.113771
     0.308840
     0.317401
     0.150945
     0.103577
      1.00000
    0.0124174
     0.326936
    0.0948640
   0.00311364
     0.195983
      1.00000
      1.00000
      1.00000
      1.00000
     0.620760
     0.622994
   0.00301401
     0.231377
     0.701490
     0.559803
     0.970422
      1.00000
      1.00000
      1.00000
      1.00000
      1.00000
      1.00000
      1.00000
      1.00000
      1.00000
      1.00000
      1.00000
      1.00000
     0.470687
   0.00182044
   0.00468084
   0.00388960
    0.0131676
    0.0194835
   0.00354223
   0.00454051
    0.0129315
    0.0538627
  0.000751674
   0.00685308
     0.197106
     0.194834
    0.0120158
    0.0160487
    0.0657837
   0.00313974
    0.0106847
    0.0143880
   0.00414307
   0.00131769
  0.000448028
  0.000172923
   0.00701685
   0.00529256
  0.000157921
    0.0551702
     0.150596
     0.113726
    0.0645075
     0.163041
    0.0306892
    0.0407636
   0.00400900
     0.120803
     0.132836
     0.393338
     0.880157
      1.00000
      1.00000
     0.639440
    0.0946588
    0.0978960
     0.187056
    0.0495211
    0.0217022
  7.02250e-06
     0.308914
     0.109782
    0.0472338
     0.218587
     0.215745
    0.0539865
    0.0552093
      1.00000
      1.00000
     0.183498
    0.0143321
     0.592515
      1.00000
      1.00000
      1.00000
      1.00000
      1.00000
     0.365158
   0.00572797
     0.149421
     0.154239
    0.0478516
   0.00661511
     0.301767
      1.00000
      1.00000
      1.00000
      1.00000
      1.00000
      1.00000
      1.00000
      1.00000
      1.00000
      1.00000
      1.00000
      1.00000
     0.421352
   0.00789136
   0.00209306
   0.00841806
    0.0223154
   0.00341445
   0.00580644
    0.0295210
    0.0238599
    0.0352438
    0.0304154
    0.0566995
     0.106059
   0.00528529
  0.000543667
   0.00429243
   0.00542187
   0.00420120
   0.00152360
   0.00911707
   0.00467400
   0.00425321
   0.00408108
    0.0107088
   0.00307285
   0.00274751
   0.00124962
    0.0236852
    0.0314294
    0.0216826
   0.00392502
   0.00168510
   0.00811200
    0.0258352
  0.000513022
     0.316650
     0.166083
     0.729401
     0.422110
      1.00000
     0.783461
     0.169058
  0.000155418
    0.0155376
    0.0892814
     0.197403
    0.0376101
  0.000504002
     0.467081
     0.238925
    0.0274234
    0.0190716
   0.00515524
   0.00326041
  0.000859467
    0.0967210
     0.396207
    0.0469806
    0.0205492
     0.525045
     0.540911
     0.957169
      1.00000
      1.00000
      1.00000
    0.0461176
    0.0186869
     0.205889
    0.0170564
   0.00396480
  0.000169434
    0.0606883
     0.540715
      1.00000
      1.00000
      1.00000
      1.00000
      1.00000
      1.00000
      1.00000
      1.00000
      1.00000
      1.00000
      1.00000
     0.542580
     0.222642
   0.00846400
  4.64670e-05
   0.00885795
   0.00101124
   0.00965306
    0.0152976
    0.0150676
    0.0127163
    0.0295668
     0.124456
     0.247755
    0.0619263
    0.0121514
   0.00947053
  0.000596174
   0.00392711
   0.00343982
   0.00210528
   0.00622784
  0.000117361
    0.0173273
    0.0173932
    0.0135179
   0.00605284
  6.80625e-05
   0.00383161
   0.00343396
  7.65625e-05
   0.00213598
   0.00137023
   0.00504810
    0.0435974
     0.103609
   0.00374748
    0.0197215
     0.145988
    0.0361887
   0.00774693
   0.00167008
   0.00133468
    0.0342435
   0.00879844
     0.148328
      1.00000
     0.121952
   0.00280547
    0.0695113
    0.0608609
    0.0206736
   0.00189951
   0.00249167
    0.0303979
    0.0660490
    0.0763325
    0.0124508
   0.00148353
   0.00774987
  1.10003e-05
  1.49511e-05
    0.0167357
     0.300560
     0.500698
    0.0578082
     0.568164
     0.103996
    0.0108368
    0.0232359
   0.00118107
    0.0265744
    0.0252069
      1.00000
      1.00000
      1.00000
      1.00000
      1.00000
      1.00000
      1.00000
      1.00000
      1.00000
      1.00000
      1.00000
      1.00000
     0.519625
     0.441294
    0.0236134
    0.0182385
   0.00675410
   0.00235063
   0.00701127
    0.0188925
    0.0111972
   0.00516003
   0.00900601
    0.0607294
     0.123423
    0.0774787
    0.0245549
    0.0381421
    0.0188513
   0.00477481
   0.00532657
  6.76000e-06
   0.00261462
  0.000191822
    0.0173712
    0.0149695
    0.0103259
   0.00226259
   0.00733878
   0.00148482
    0.0125403
   0.00761256
   0.00231361
   0.00552049
   0.00464897
    0.0278723
     0.520586
     0.184685
  0.000940444
   0.00324900
   0.00169881
    0.0893013
      1.00000
      1.00000
     0.104987
  1.40625e-05
     0.162006
      1.00000
     0.283965
   0.00657180
    0.0132557
   0.00307101
    0.0108542
  0.000840034
  0.000690814
   0.00187056
   0.00421201
  0.000779340
   0.00323951
   0.00189225
  0.000911034
    0.0169434
  0.000610914
   0.00144527
    0.0706319
   0.00637336
    0.0610090
     0.216644
    0.0375003
    0.0222557
    0.0164438
     0.112885
     0.363508
     0.539172
      1.00000
      1.00000
      1.00000
      1.00000
      1.00000
      1.00000
      1.00000
      1.00000
      1.00000
      1.00000
      1.00000
      1.00000
      1.00000
    0.0162605
    0.0192978
   0.00943812
  0.000394022
   0.00101761
   0.00392920
   0.00127092
   0.00708683
    0.0108785
    0.0296127
    0.0321365
    0.0354381
     0.207328
     0.213906
     0.262810
     0.280829
    0.0366212
    0.0434722
    0.0296184
    0.0252121
   0.00236520
   0.00677329
   0.00280194
   0.00796259
  8.43336e-05
   0.00402590
   0.00150156
  2.88011e-05
   0.00189225
    0.0615536
   0.00599076
   0.00893970
    0.0539865
     0.718623
     0.453468
    0.0172134
  0.000153760
   0.00818422
      1.00000
      1.00000
      1.00000
     0.300359
    0.0384029
  0.000635040
      1.00000
     0.159747
   0.00425756
    0.0166410
   0.00485809
    0.0123173
    0.0293209
  4.24669e-05
   0.00200555
    0.0169303
    0.0285159
     0.124186
     0.536898
     0.262332
     0.180016
   0.00114808
  0.000298138
    0.0483927
   0.00751111
   0.00948676
  0.000721818
    0.0321485
     0.167991
    0.0974897
     0.187085
     0.534922
      1.00000
      1.00000
      1.00000
      1.00000
      1.00000
      1.00000
      1.00000
      1.00000
      1.00000
      1.00000
      1.00000
      1.00000
      1.00000
      1.00000
      1.00000
