      1.00000
      1.00000
     0.150104
     0.891114
     0.188215
    0.0253052
     0.277288
     0.379406
   0.00393939
    0.0245001
      1.00000
      1.00000
      1.00000
      1.00000
      1.00000
    0.0909249
    0.0274223
  0.000734466
  0.000136379
    0.0220869
    0.0116926
      1.00000
      1.00000
   0.00855278
    0.0530088
    0.0300278
     0.258330
      1.00000
      1.00000
      1.00000
      1.00000
      1.00000
      1.00000
      1.00000
      1.00000
      1.00000
    0.0955434
   0.00316582
    0.0390915
    0.0709856
    0.0543614
    0.0739239
      1.00000
    0.0516047
  0.000130769
     0.514298
      1.00000
  3.39913e-05
      1.00000
      1.00000
      1.00000
      1.00000
      1.00000
      1.00000
      1.00000
      1.00000
      1.00000
      1.00000
     0.286002
     0.354368
     0.206548
    0.0446389
    0.0816721
    0.0828324
     0.275057
    0.0668416
     0.356159
      1.00000
     0.119019
     0.659814
     0.317165
     0.116186
      1.00000
      1.00000
      1.00000
      1.00000
      1.00000
      1.00000
      1.00000
      1.00000
      1.00000
      1.00000
     0.147701
    0.0588821
     0.142042
    0.0118243
     0.292702
     0.673718
     0.483063
      1.00000
      1.00000
      1.00000
    0.0389339
      1.00000
      1.00000
      1.00000
     0.223773
      1.00000
      1.00000
      1.00000
      1.00000
      1.00000
      1.00000
      1.00000
     0.817806
      1.00000
      1.00000
      1.00000
      1.00000
      1.00000
      1.00000
      1.00000
      1.00000
      1.00000
      1.00000
   0.00469068
    0.0369645
      1.00000
      1.00000
      1.00000
      1.00000
      1.00000
      1.00000
      1.00000
      1.00000
      1.00000
      1.00000
     0.949303
   0.00571993
     0.656681
      1.00000
      1.00000
      1.00000
      1.00000
      1.00000
      1.00000
      1.00000
     0.981231
      1.00000
      1.00000
      1.00000
      1.00000
      1.00000
      1.00000
      1.00000
      1.00000
      1.00000
    0.0452763
     0.787529
     0.459533
    0.0690584
      1.00000
      1.00000
     0.134434
      1.00000
      1.00000
      1.00000
      1.00000
      1.00000
      1.00000
      1.00000
      1.00000
      1.00000
      1.00000
      1.00000
      1.00000
      1.00000
      1.00000
   0.00966821
     0.640048
    0.0403570
    0.0243298
    0.0387868
     0.199737
      1.00000
      1.00000
      1.00000
      1.00000
      1.00000
      1.00000
      1.00000
      1.00000
      1.00000
      1.00000
      1.00000
      1.00000
      1.00000
      1.00000
      1.00000
      1.00000
      1.00000
   0.00186651
    0.0285571
      1.00000
      1.00000
      1.00000
      1.00000
      1.00000
      1.00000
      1.00000
      1.00000
      1.00000
      1.00000
      1.00000
      1.00000
      1.00000
      1.00000
      1.00000
      1.00000
      1.00000
    0.0484426
    0.0131284
    0.0394366
     0.558082
      1.00000
      1.00000
      1.00000
      1.00000
      1.00000
      1.00000
      1.00000
      1.00000
      1.00000
      1.00000
     0.516578
      1.00000
      1.00000
      1.00000
      1.00000
      1.00000
    0.0108592
     0.677951
    0.0185232
     0.107260
      1.00000
      1.00000
      1.00000
      1.00000
      1.00000
      1.00000
      1.00000
      1.00000
      1.00000
      1.00000
      1.00000
      1.00000
    0.0995494
      1.00000
      1.00000
     0.624976
      1.00000
     0.229904
     0.385708
    0.0166636
    0.0208411
      1.00000
      1.00000
      1.00000
      1.00000
      1.00000
      1.00000
      1.00000
      1.00000
      1.00000
      1.00000
      1.00000
      1.00000
      1.00000
    0.0511109
      1.00000
      1.00000
      1.00000
      1.00000
  0.000975391
    0.0687608
     0.378899
     0.137349
      1.00000
      1.00000
      1.00000
      1.00000
      1.00000
      1.00000
      1.00000
      1.00000
      1.00000
      1.00000
      1.00000
      1.00000
   0.00131988
      1.00000
      1.00000
      1.00000
      1.00000
   0.00678907
    0.0157288
     0.164939
    0.0169303
     0.324818
     0.259669
     0.487191
     0.356522
      1.00000
      1.00000
   0.00122784
     0.471470
     0.271993
    0.0385063
    0.0546722
      1.00000
    0.0245738
      1.00000
      1.00000
      1.00000
      1.00000
   0.00637253
    0.0117359
    0.0640137
    0.0180236
  0.000103658
   0.00713409
  0.000405645
   0.00647170
   0.00168126
     0.598529
     0.103636
   0.00221458
   0.00193206
    0.0428382
    0.0565979
     0.256848
    0.0436736
      1.00000
      1.00000
      1.00000
      1.00000
